0 10.3 51.3 57.5 51.4 48.9 52.6 50.0 54.4 58.0 60.5 52.7 
1 8.3 52.9 53.2 44.5 46.2 54.9 52.7 55.4 55.0 56.9 55.7 
2 8.9 55.3 56.1 51.5 45.5 53.4 45.7 57.6 55.2 58.7 52.6 
3 9.7 49.6 54.6 48.0 46.8 53.1 52.8 57.1 55.0 53.9 55.2 
4 9.8 52.6 54.8 49.3 49.0 52.5 54.0 56.8 54.9 58.1 51.0 
5 10.0 51.8 51.7 52.6 44.7 53.2 56.4 58.1 58.7 54.5 53.5 
6 7.6 51.7 56.3 50.9 48.1 47.1 54.4 51.8 53.8 58.2 52.8 
7 7.5 50.3 55.4 52.4 47.8 52.9 49.1 57.5 56.1 51.4 56.4 
8 9.4 52.0 52.9 53.3 49.5 52.2 51.2 55.6 52.5 54.2 55.4 
9 8.8 53.1 52.0 49.2 51.5 53.0 56.7 53.0 50.0 52.1 56.7 
10 9.9 56.3 52.2 48.9 50.4 49.7 54.4 59.1 58.0 57.8 52.0 
11 8.5 51.9 59.2 49.7 52.0 57.4 57.6 54.2 49.0 55.7 57.0 
12 9.0 49.2 51.7 43.6 53.7 55.4 55.9 53.9 53.0 53.0 57.2 
13 8.5 45.2 49.6 48.1 54.9 56.5 58.0 55.1 55.4 52.0 56.2 
14 9.0 45.4 56.3 53.5 52.9 57.5 56.7 56.7 54.9 51.5 54.5 
15 8.9 41.2 51.2 49.8 52.5 55.6 56.1 54.2 58.2 51.0 54.9 
16 10.4 40.5 53.6 50.1 54.8 57.1 59.6 54.1 57.7 51.3 54.9 
17 8.7 43.8 52.5 48.6 58.2 56.9 57.1 55.1 54.4 51.9 55.3 
18 9.7 38.8 49.3 52.5 53.1 58.5 55.6 57.5 55.1 50.4 54.7 
19 9.4 35.2 51.0 54.7 51.9 51.3 54.2 53.5 61.4 53.4 59.1 
20 7.2 35.8 48.6 48.8 56.4 56.2 58.8 53.8 61.4 51.1 59.2 
21 9.6 34.7 49.4 52.2 57.3 59.3 58.9 57.6 60.9 55.6 65.4 
22 11.3 31.1 48.8 51.9 51.7 57.1 55.9 56.6 57.2 53.6 59.3 
23 8.2 31.1 51.0 52.0 56.4 62.4 57.6 55.7 60.5 54.0 59.8 
24 9.4 26.0 47.6 48.6 61.1 61.9 57.4 57.3 61.6 55.5 59.0 
25 9.1 27.4 52.6 49.1 55.5 57.7 50.5 52.9 63.6 55.6 58.5 
26 11.6 22.1 47.3 47.1 59.4 56.9 53.9 55.7 60.0 63.3 61.3 
27 8.9 22.1 45.1 51.4 56.9 57.4 57.9 61.1 56.0 58.2 62.8 
28 7.6 21.5 43.1 51.2 56.9 58.2 57.8 58.4 62.8 59.1 62.4 
29 9.2 19.7 48.7 54.9 61.1 60.1 55.1 51.1 62.6 57.8 61.6 
30 8.0 17.3 49.1 47.5 60.5 62.4 57.3 56.7 59.0 54.5 66.2 
31 9.7 16.7 43.2 50.0 59.4 57.6 61.6 61.3 63.2 60.4 62.1 
32 7.1 17.6 43.0 52.8 60.4 60.0 61.5 54.4 60.6 59.4 65.8 
33 9.5 14.5 39.4 53.6 59.2 58.0 59.9 59.9 58.6 61.3 67.4 
34 9.1 11.4 40.2 51.5 58.9 64.5 63.5 59.0 60.5 65.3 67.9 
35 7.7 10.9 44.0 47.5 53.7 59.2 63.0 59.1 63.5 60.5 65.5 
36 9.5 13.7 35.6 46.0 50.9 64.3 66.2 62.4 60.9 62.5 64.1 
37 8.4 11.0 38.0 44.2 57.4 61.2 67.9 63.9 63.7 62.9 67.5 
38 8.8 11.1 35.8 48.7 54.4 59.2 69.7 60.7 62.3 62.0 60.3 
39 9.7 10.0 31.4 48.7 54.6 65.1 66.4 62.2 67.0 65.4 66.1 
40 8.8 9.4 29.1 45.0 55.6 58.1 66.3 61.7 67.1 68.1 67.5 
41 7.9 8.9 27.1 45.4 55.1 65.5 74.0 61.8 62.7 64.6 65.8 
42 9.5 8.3 30.5 43.1 58.4 61.4 67.0 60.4 64.7 65.8 63.0 
43 8.5 9.2 26.7 41.6 58.2 60.5 71.3 63.2 63.8 67.8 64.7 
44 8.9 7.9 24.1 44.5 54.0 61.9 69.7 64.3 67.6 69.0 65.4 
45 11.9 8.6 21.9 42.2 54.9 65.5 67.1 66.5 67.8 65.3 66.1 
46 9.6 9.1 21.9 38.7 59.0 63.4 67.8 69.0 67.1 70.2 69.0 
47 8.0 9.2 21.3 38.0 52.5 62.1 73.4 64.2 70.4 65.0 71.3 
48 9.8 9.6 17.7 40.3 59.6 62.0 67.6 67.2 72.9 71.9 67.6 
49 8.9 9.8 17.6 38.9 54.7 60.1 72.9 68.7 69.1 68.3 74.3 
50 9.8 8.7 17.0 37.3 57.4 62.2 66.1 70.6 69.7 65.3 79.7 
51 8.5 10.2 15.2 36.2 52.8 57.6 70.1 67.2 66.6 71.2 77.2 
52 9.8 9.4 12.3 33.8 60.1 57.8 68.6 68.8 68.9 67.6 76.5 
53 9.0 10.9 13.2 35.1 53.3 63.0 70.0 66.7 72.5 71.0 80.4 
54 11.2 8.7 12.5 29.3 48.9 56.7 68.5 68.2 74.5 71.6 82.7 
55 7.7 9.3 12.0 30.7 50.2 63.6 67.5 64.4 68.2 78.4 83.1 
56 9.2 9.4 10.6 26.4 45.6 65.0 66.9 70.4 75.3 72.5 81.4 
57 8.7 8.6 11.4 27.2 45.7 57.4 71.0 71.4 73.7 83.7 86.4 
58 9.1 7.7 8.3 25.4 47.9 54.2 65.8 77.0 70.7 78.1 81.2 
59 9.7 8.0 10.4 22.9 44.2 59.5 67.4 68.7 82.3 91.2 81.6 
60 8.2 7.0 9.2 23.0 46.3 61.7 58.7 73.9 76.6 83.9 91.6 
61 9.2 8.6 9.2 21.2 41.4 60.3 65.0 73.5 79.9 88.4 87.9 
62 10.8 8.3 9.9 20.7 41.4 58.0 65.2 72.9 82.6 84.3 86.8 
63 8.4 9.8 9.5 18.2 37.6 58.6 66.3 71.8 81.1 87.0 85.2 
64 7.9 8.9 8.8 15.4 39.7 55.8 66.5 71.7 82.2 90.1 88.1 
65 8.2 8.4 8.6 14.9 35.5 52.7 60.8 73.5 88.5 95.0 86.1 
66 7.1 9.1 8.9 15.3 34.7 48.4 63.3 72.1 87.3 100.7 86.9 
67 7.9 9.0 10.8 12.9 35.5 49.8 65.3 74.6 85.7 106.6 90.5 
68 10.5 8.4 10.3 13.3 34.4 47.8 62.7 75.6 90.4 100.8 92.5 
69 9.2 9.1 7.8 11.3 33.2 44.9 57.5 81.1 85.4 101.4 91.1 
70 10.2 8.5 8.5 10.9 26.9 47.2 62.7 76.6 95.0 101.4 93.9 
71 8.5 10.7 9.1 12.9 24.2 43.6 64.2 74.8 91.0 105.5 85.0 
72 7.0 8.7 9.4 10.2 25.6 39.4 57.1 79.6 94.8 106.9 93.5 
73 9.7 8.9 8.8 11.5 24.7 41.8 58.1 82.9 95.0 106.0 97.4 
74 7.6 9.2 9.0 9.9 23.2 41.5 55.4 81.4 95.6 111.2 103.1 
75 10.5 9.7 10.4 7.8 16.4 35.8 56.2 78.5 94.6 112.2 101.3 
76 9.7 8.5 9.1 9.4 18.1 38.9 54.0 78.8 92.4 105.9 111.9 
77 9.0 8.9 7.8 9.1 14.7 35.0 54.3 76.8 93.2 115.0 113.8 
78 8.3 8.8 8.3 9.2 14.2 31.1 53.4 81.1 91.7 108.2 126.1 
79 9.6 10.9 9.4 8.2 13.0 30.9 52.4 77.5 88.4 110.6 119.4 
80 8.7 9.7 9.8 8.6 12.3 30.6 52.8 75.9 95.8 114.7 125.7 
81 10.1 8.4 7.4 9.0 11.8 26.5 49.3 73.7 97.3 112.2 128.6 
82 8.9 9.1 8.8 8.4 11.4 23.6 47.4 73.0 93.9 109.5 137.5 
83 9.4 8.2 9.7 9.6 8.5 23.0 45.2 70.2 92.9 115.0 139.9 
84 8.6 8.0 8.7 9.8 10.7 23.0 44.6 69.0 98.6 119.4 145.1 
85 8.4 9.8 10.9 9.0 8.5 19.8 43.8 68.4 94.9 122.7 148.6 
86 11.5 9.5 7.9 9.5 9.6 17.0 37.1 69.3 97.6 117.0 158.9 
87 11.5 8.0 8.8 8.7 9.0 14.6 35.0 61.8 91.2 125.1 159.8 
88 8.6 9.4 10.1 9.9 10.2 15.0 31.9 58.7 92.6 119.2 164.9 
89 9.6 11.2 9.2 8.1 7.7 13.9 31.7 55.2 95.1 118.9 175.8 
90 8.3 7.6 8.5 8.8 11.8 14.1 29.3 55.6 96.0 122.9 175.2 
91 8.7 7.5 9.8 8.3 9.9 12.7 26.7 57.2 88.3 127.2 179.7 
92 9.2 9.3 9.4 9.9 9.1 10.1 24.7 48.1 89.9 130.2 183.6 
93 10.7 8.8 9.8 8.3 10.3 11.4 21.1 49.3 88.2 128.5 191.9 
94 8.0 9.3 9.8 8.0 10.4 9.5 19.9 46.3 83.6 132.0 196.6 
95 8.0 9.3 8.2 9.1 9.3 10.0 17.4 39.7 84.1 139.2 207.7 
96 9.2 9.4 9.4 10.0 8.3 10.5 14.2 40.0 78.2 129.0 199.0 
97 9.7 8.0 9.2 8.4 10.7 10.3 16.1 33.8 83.1 134.9 212.5 
98 11.3 7.7 9.9 9.2 8.2 7.0 12.4 32.6 84.5 141.6 219.4 
99 11.5 8.3 9.1 8.6 8.7 8.5 10.7 28.2 70.2 133.2 224.2 
100 9.6 10.2 9.5 9.5 8.7 9.2 9.9 27.7 69.7 139.2 230.1 
101 8.5 9.0 9.3 8.5 10.1 8.2 8.6 20.1 61.0 136.2 262.1 
102 7.8 8.2 9.5 10.1 8.3 9.2 9.0 17.9 60.7 134.9 258.3 
103 9.0 9.0 8.9 8.8 9.7 8.4 10.5 16.5 52.8 131.7 263.4 
104 8.4 10.6 10.3 9.5 9.3 9.3 10.0 16.0 52.3 122.1 283.9 
105 8.5 11.2 10.3 9.8 8.3 7.3 10.1 14.6 39.8 115.4 291.2 
106 9.5 7.9 9.2 8.6 8.9 11.2 9.8 14.2 35.5 113.3 314.4 
107 10.7 9.3 6.8 9.5 8.8 9.4 8.5 11.5 28.9 105.7 319.0 
108 8.7 10.4 8.5 8.8 8.4 8.9 9.3 10.2 23.1 90.9 339.1 
109 9.9 8.0 8.7 10.6 9.6 8.5 8.9 8.6 22.7 84.6 355.8 
110 10.4 10.4 8.1 9.5 10.8 8.2 10.1 9.9 18.2 76.6 355.0 
111 9.3 8.9 8.2 7.8 9.2 9.1 8.1 8.5 16.0 67.4 366.9 
112 7.8 9.0 9.3 7.3 9.7 9.5 9.3 8.8 12.3 54.4 382.2 
113 11.6 10.9 7.5 8.3 8.8 8.9 8.1 7.5 12.4 46.2 387.6 
114 8.9 7.8 7.7 8.1 7.3 8.5 12.0 10.1 11.2 41.8 399.7 
115 8.3 9.3 9.0 8.4 9.1 9.5 8.9 8.5 9.7 32.6 384.4 
116 9.2 7.7 7.7 8.6 9.6 9.4 9.2 9.2 9.0 28.6 389.2 
117 7.8 8.9 8.7 9.4 6.5 8.2 9.6 10.2 10.0 19.7 375.3 
118 10.7 9.2 9.2 8.1 10.2 9.3 9.3 8.8 8.3 15.6 330.8 
119 10.8 8.2 8.4 9.1 9.1 9.2 10.5 7.6 9.7 13.4 278.1 
120 9.2 10.0 9.1 7.9 9.0 7.9 9.4 9.3 8.4 11.1 204.9 
121 9.1 9.9 10.2 8.5 8.5 9.0 10.0 10.1 9.4 13.5 136.7 
122 9.6 9.8 8.0 6.7 9.2 8.8 9.1 9.4 9.8 8.3 91.7 
123 11.3 9.9 8.9 10.9 9.3 10.4 9.2 9.0 8.2 7.9 64.4 
124 9.0 7.9 7.6 10.9 8.9 7.6 8.8 9.4 8.4 9.5 39.0 
125 7.9 9.3 8.9 9.9 10.7 9.2 10.2 8.9 10.3 10.6 26.9 
126 9.5 9.0 7.6 10.0 8.1 8.8 10.0 10.1 10.4 9.3 17.6 
127 9.0 9.0 8.4 8.5 9.1 10.0 9.2 8.2 9.7 8.7 15.2 
128 9.2 9.7 10.0 8.9 9.2 9.3 8.6 7.6 9.3 8.8 10.5 
129 9.9 8.4 9.5 8.6 7.4 9.1 9.8 6.3 9.2 9.3 8.8 
130 9.3 9.0 7.2 9.6 9.4 8.6 9.3 9.2 9.9 10.5 8.6 
131 9.7 9.1 11.2 9.0 8.9 9.1 7.9 9.2 8.6 10.8 9.4 
132 10.0 9.5 8.2 7.7 8.2 9.6 8.3 7.7 9.7 9.8 10.8 
133 8.7 8.8 10.1 8.6 8.8 10.7 9.9 8.4 7.8 7.8 10.8 
134 7.7 8.5 9.4 8.9 10.1 9.0 10.3 7.9 10.1 7.1 8.3 
135 7.1 9.5 8.8 9.8 10.5 8.0 9.5 9.1 8.3 11.6 9.8 
136 9.1 11.5 7.9 7.7 9.0 8.1 8.0 9.7 9.4 8.8 8.9 
137 9.8 9.8 9.2 8.6 10.6 8.7 10.5 8.7 9.3 8.6 9.4 
138 9.4 8.8 7.7 9.1 11.2 8.6 11.1 8.7 10.7 10.3 9.3 
139 9.1 10.4 9.4 8.5 7.6 9.7 8.8 7.6 11.7 9.1 8.8 
140 7.5 9.3 10.8 10.6 9.2 9.0 7.9 8.7 8.9 10.0 8.9 
141 7.5 7.5 8.3 8.6 8.1 10.1 8.8 8.7 8.1 9.6 9.7 
142 7.6 10.6 8.4 10.0 10.1 8.4 8.6 9.0 9.1 8.3 8.0 
143 10.8 9.7 10.5 9.3 11.1 10.1 8.6 8.4 9.2 8.2 8.9 
144 9.3 10.2 8.0 10.5 8.8 8.6 12.0 9.5 8.0 11.2 7.8 
145 9.3 9.9 9.9 9.0 8.8 8.0 8.9 7.8 8.4 8.3 8.7 
146 8.0 8.2 9.5 7.9 10.9 8.5 9.3 9.7 8.4 11.0 9.3 
147 7.9 8.4 9.0 8.1 9.6 9.2 9.3 9.1 8.5 9.2 8.7 
148 8.4 8.0 8.4 8.0 9.9 10.5 8.8 8.3 8.9 8.4 10.3 
149 10.9 8.4 9.9 10.2 7.8 10.2 7.7 8.7 8.8 10.2 9.3 
150 9.6 8.8 8.2 8.2 8.3 8.7 9.5 7.8 9.9 9.8 9.8 
151 10.3 8.4 9.8 8.8 9.2 10.3 8.2 9.6 10.7 7.4 9.9 
152 9.6 9.2 8.6 9.8 8.5 8.0 9.5 10.4 9.7 10.3 10.4 
153 8.3 9.3 8.8 8.7 6.8 8.7 8.4 9.2 8.7 9.3 8.9 
154 10.3 7.7 7.0 9.1 9.2 7.7 9.6 9.9 9.8 8.4 10.0 
155 8.1 8.1 8.8 9.9 9.3 8.4 8.7 9.9 9.2 8.4 10.0 
156 8.8 9.6 8.4 10.1 10.5 10.0 8.3 10.8 8.7 9.6 7.8 
157 9.8 10.3 9.1 10.7 9.4 9.0 8.3 8.4 9.7 7.4 7.6 
158 9.1 7.3 10.7 10.7 8.8 7.9 7.7 8.8 8.8 9.5 9.4 
159 10.5 10.6 7.8 9.2 7.4 10.7 9.4 8.9 9.4 9.7 9.4 
160 9.7 8.0 8.6 8.4 7.9 7.7 8.3 9.5 8.8 7.8 8.7 
161 9.4 9.0 8.3 8.9 8.8 9.8 10.5 6.9 8.7 8.1 7.8 
162 8.7 9.1 8.8 8.7 8.1 8.7 8.8 9.7 9.0 8.9 10.0 
163 8.9 7.3 9.3 8.3 9.6 8.0 9.6 9.9 8.9 8.9 8.6 
164 9.1 9.0 7.7 9.9 8.6 9.6 9.6 9.7 9.5 9.1 8.9 
165 10.7 9.3 7.4 8.7 9.3 10.0 9.5 9.7 7.7 9.3 9.8 
166 9.7 9.6 9.0 8.6 10.2 8.9 9.2 7.9 8.6 9.5 10.8 
167 8.4 7.8 8.3 8.8 9.7 8.8 11.1 10.8 9.1 10.0 9.4 
168 9.6 9.8 10.1 10.9 9.1 8.4 8.5 9.9 9.1 8.5 8.9 
169 8.7 10.6 8.0 7.3 8.8 9.1 9.3 8.5 9.3 8.1 10.3 
170 6.0 9.0 9.0 9.3 9.2 9.0 8.4 7.9 7.4 10.1 12.0 
171 8.5 9.6 7.0 9.2 8.1 8.3 8.4 9.3 9.7 9.7 10.9 
172 9.2 10.5 9.5 11.3 8.7 9.8 8.8 8.5 9.0 9.8 8.4 
173 7.8 8.8 10.4 7.9 10.0 8.7 9.9 9.4 10.3 8.8 9.4 
174 9.2 9.4 9.6 8.5 7.9 8.8 9.0 8.9 9.1 7.4 8.0 
175 9.7 8.7 8.3 12.0 10.0 8.9 7.9 11.8 9.6 9.2 8.4 
176 9.7 8.4 9.8 7.9 8.9 9.3 8.8 8.8 8.0 8.4 8.1 
177 10.0 11.6 9.1 7.5 11.1 10.1 8.1 10.0 10.2 9.4 8.7 
178 9.1 9.1 8.7 8.2 8.5 9.7 9.6 9.1 9.5 8.8 10.2 
179 8.8 7.1 9.2 9.2 8.6 8.5 7.7 8.8 11.2 9.4 9.1 
180 8.9 9.7 7.5 9.1 9.3 9.7 9.5 11.7 9.4 8.0 7.7 
181 8.2 7.9 7.6 9.4 8.5 7.8 10.6 8.8 10.8 8.8 9.4 
182 9.0 8.4 9.2 9.1 9.9 8.7 9.1 8.1 9.1 9.6 11.2 
183 8.0 10.0 8.3 7.3 8.6 8.5 9.5 8.8 9.0 8.6 9.8 
184 11.0 9.5 9.6 9.1 8.9 8.4 8.0 10.4 9.6 7.4 8.5 
185 8.6 7.8 9.7 8.6 8.0 9.9 8.3 9.4 6.5 8.3 8.7 
186 9.6 9.6 9.4 10.2 8.8 9.3 9.0 10.7 7.6 7.9 8.5 
187 8.7 9.1 9.1 7.3 9.2 8.0 8.7 8.0 10.5 9.2 9.6 
188 8.1 9.7 9.4 9.1 9.9 8.6 9.6 9.4 8.6 9.4 9.4 
189 9.9 8.7 8.4 11.1 8.3 8.3 9.9 9.7 10.7 9.5 9.9 
190 8.5 9.1 8.9 9.3 8.9 9.3 7.9 10.0 10.0 9.0 7.9 
191 8.5 9.6 10.6 9.6 10.9 9.4 10.7 10.5 10.9 8.5 9.2 
192 8.7 7.8 8.6 8.4 9.8 9.1 9.6 8.7 9.2 9.4 9.3 
193 10.0 7.7 10.4 8.8 10.9 10.5 9.0 8.5 9.4 8.3 9.6 
194 9.1 9.1 8.6 8.2 9.8 9.0 8.7 8.7 11.1 8.3 8.9 
195 9.3 8.9 9.4 8.6 7.8 9.7 7.2 8.9 8.9 9.2 9.1 
196 10.5 9.3 8.9 10.5 9.3 9.6 9.3 9.1 8.9 8.5 8.4 
197 10.5 8.7 9.8 10.6 9.7 8.0 9.1 9.6 11.3 8.7 8.2 
198 8.0 10.0 10.8 8.5 9.7 7.8 9.7 9.1 8.3 8.2 10.0 
199 9.2 10.9 8.6 8.3 9.2 9.7 8.9 9.8 11.6 8.5 10.6 
200 8.4 9.6 7.4 9.3 9.8 9.3 9.7 8.0 10.9 7.3 8.7 
201 8.9 10.2 9.8 8.6 11.4 7.4 7.9 8.7 9.8 8.1 9.0 
202 7.9 8.3 8.3 9.7 10.0 9.4 9.6 8.7 8.1 8.7 7.4 
203 9.1 9.0 8.5 8.6 9.0 9.6 9.0 7.8 8.9 7.5 10.9 
204 10.9 9.2 9.2 7.4 9.7 8.9 9.9 8.3 9.5 10.1 9.7 
205 9.2 9.3 8.5 9.7 9.3 8.1 8.5 8.2 8.5 10.6 9.0 
206 9.3 8.7 10.0 8.2 9.7 8.2 9.6 8.3 10.1 7.0 7.8 
207 8.2 7.9 9.6 8.1 7.1 8.4 9.5 9.5 8.2 9.2 9.2 
208 10.9 9.5 9.1 9.3 9.4 9.3 9.8 10.6 9.6 7.8 9.8 
209 8.0 8.1 9.2 9.0 8.1 9.9 8.9 8.3 7.9 10.6 9.1 
210 9.5 8.9 11.9 9.4 10.0 9.1 8.4 8.2 8.7 9.6 7.1 
211 7.9 10.0 8.5 10.2 8.2 8.3 10.4 9.4 9.5 7.7 7.2 
212 7.1 9.3 8.2 9.4 9.4 7.5 9.6 11.1 10.0 8.6 7.5 
213 8.8 10.9 9.4 9.7 9.6 11.5 9.6 9.7 9.8 8.2 9.7 
214 9.1 9.1 9.4 10.1 8.0 10.7 9.7 9.4 8.9 10.4 9.7 
215 7.8 9.0 8.1 8.0 10.2 7.9 7.8 10.0 9.3 9.9 8.7 
216 8.9 9.8 8.6 7.5 8.7 10.5 8.4 10.3 8.7 9.2 7.3 
217 8.5 11.9 9.3 8.9 8.5 7.9 8.6 10.2 10.6 9.9 9.0 
218 10.3 8.9 8.9 8.7 10.6 9.9 9.4 9.2 8.2 8.2 8.9 
219 11.1 9.2 8.5 8.3 9.9 7.6 8.5 7.2 10.7 8.7 8.0 
220 7.8 9.0 7.1 8.2 9.8 9.9 9.2 9.9 10.5 8.6 8.1 
221 9.2 8.5 8.1 9.3 7.2 7.4 9.9 10.1 8.9 8.9 10.3 
222 9.1 9.5 9.2 9.8 9.7 9.7 9.1 8.6 8.1 9.4 10.3 
223 9.5 8.2 10.4 9.8 9.8 7.5 8.6 8.7 9.1 8.2 8.9 
224 8.8 8.0 9.2 8.4 9.3 7.9 10.3 8.6 7.9 10.6 9.7 
225 10.6 9.6 10.3 8.9 9.4 9.6 9.3 9.9 9.3 9.6 7.5 
226 8.3 9.4 8.3 9.7 10.0 8.7 7.9 10.2 9.0 11.3 8.9 
227 9.9 9.6 8.8 9.7 8.9 8.1 9.9 7.8 9.0 9.1 10.3 
228 9.1 10.0 8.3 10.4 8.8 10.1 7.3 9.6 8.6 8.9 8.8 
229 7.9 9.1 9.5 8.3 7.3 9.0 8.3 10.4 10.6 9.7 8.7 
230 9.0 10.1 9.7 9.0 8.0 8.7 8.8 9.8 9.1 9.1 9.4 
231 8.0 8.2 8.7 8.3 9.5 9.1 8.1 10.0 9.6 9.4 7.9 
232 9.5 8.7 8.9 8.3 8.4 8.9 9.4 9.8 8.1 8.4 9.4 
233 10.3 9.2 9.1 10.0 7.9 7.7 8.9 9.5 6.3 8.7 8.6 
234 8.5 9.0 8.7 10.0 8.7 10.3 9.1 9.8 9.4 10.3 9.4 
235 9.9 8.9 8.4 9.2 8.0 7.8 9.4 8.3 10.9 10.4 9.6 
236 8.3 9.7 10.1 9.1 7.9 8.9 8.5 10.0 9.5 8.6 7.4 
237 10.1 8.7 10.8 10.6 9.4 9.7 10.2 9.4 8.1 8.6 8.6 
238 8.7 7.4 9.9 8.6 10.5 8.2 8.2 10.2 9.6 10.2 9.7 
239 7.9 9.5 8.3 9.1 9.9 10.0 9.3 8.0 7.4 6.7 10.3 
240 8.0 10.6 8.8 7.5 8.8 8.0 7.7 7.9 8.7 10.2 11.1 
241 8.5 10.1 9.6 10.4 9.7 9.9 8.4 10.6 8.3 9.8 9.7 
242 10.3 8.6 10.8 9.2 9.2 10.5 9.2 9.5 7.2 9.5 9.5 
243 9.9 8.9 9.2 9.0 9.8 7.0 8.1 7.4 9.0 7.9 7.8 
244 9.2 9.2 8.8 10.2 8.3 9.7 9.1 8.9 10.8 8.8 9.3 
245 9.9 7.5 8.4 9.8 10.1 9.3 8.5 9.5 10.4 9.5 10.1 
246 9.6 7.9 8.2 9.2 7.3 9.9 9.0 7.6 8.9 8.7 9.5 
247 8.8 7.8 8.9 9.0 9.2 9.2 9.9 9.0 8.9 9.4 10.2 
248 8.1 9.4 8.0 8.3 10.6 9.8 8.1 10.8 9.3 8.0 8.3 
249 9.5 9.1 7.3 10.1 12.0 9.1 9.5 11.1 9.3 7.5 9.0 
250 11.1 8.4 7.9 8.4 9.3 9.5 8.6 9.1 8.8 10.1 10.6 
251 8.6 10.0 8.1 7.9 9.9 9.6 8.2 8.7 8.7 7.6 9.3 
252 8.3 9.6 8.3 7.0 10.0 9.0 9.6 9.6 10.5 7.0 9.7 
253 9.5 8.2 7.2 10.6 11.5 8.4 9.7 9.3 7.7 8.4 10.2 
254 10.8 9.7 7.7 10.0 9.1 8.3 7.7 9.0 10.0 9.1 10.1 
255 9.1 9.4 10.5 11.0 7.6 9.0 7.5 9.1 8.6 9.2 9.5 
256 10.0 10.1 10.8 9.0 9.6 9.0 9.9 7.8 8.8 7.6 6.7 
257 9.6 10.0 8.0 9.8 8.3 9.9 7.9 8.7 8.5 9.2 8.2 
258 10.3 8.2 8.9 9.5 9.3 9.9 9.9 9.5 9.4 9.5 9.8 
259 9.0 8.0 10.4 7.2 8.0 9.8 10.9 8.7 9.4 9.3 8.7 
260 10.3 10.8 8.8 8.4 7.3 9.0 9.0 9.3 8.0 8.4 8.6 
261 11.8 9.2 10.9 10.2 8.6 9.8 9.2 9.5 10.4 7.3 9.1 
262 9.4 8.7 8.4 8.9 8.3 9.3 9.3 9.7 9.9 8.7 9.4 
263 8.6 8.0 7.9 8.0 9.3 8.2 8.5 8.8 8.1 6.7 8.3 
264 10.1 9.4 9.3 8.2 9.4 8.6 10.8 9.4 7.9 9.8 9.4 
265 9.5 8.3 9.1 8.4 9.6 10.4 9.0 9.0 9.4 9.0 9.3 
266 10.3 6.8 9.6 8.3 8.9 7.9 8.4 10.1 10.4 10.7 9.4 
267 9.6 9.8 10.0 8.7 9.7 8.5 10.5 7.7 8.7 7.5 9.6 
268 9.5 10.1 10.4 10.3 8.3 8.1 7.4 7.7 8.4 11.2 8.8 
269 7.5 10.4 9.2 9.3 8.1 10.0 8.4 8.9 9.3 8.1 8.8 
270 9.9 10.4 9.5 10.4 8.9 8.9 9.9 7.7 8.5 9.5 10.8 
271 9.7 7.2 7.3 7.0 7.9 9.4 10.5 10.5 9.1 8.3 8.6 
272 9.5 8.8 8.8 8.7 7.8 9.3 9.6 9.2 7.7 8.7 8.0 
273 9.5 8.1 8.9 8.9 10.1 9.7 9.9 10.1 10.6 10.3 9.6 
274 8.7 10.6 9.2 9.4 8.9 9.6 8.7 9.9 9.0 10.2 7.8 
275 9.2 8.8 9.5 10.1 9.1 7.4 8.5 9.3 8.8 9.4 8.3 
276 8.8 8.2 6.8 9.5 7.8 10.7 8.0 9.1 10.3 8.9 8.9 
277 9.0 8.9 8.1 8.3 8.3 7.8 10.1 8.2 9.3 10.2 8.4 
278 8.3 8.6 10.4 8.5 8.8 10.6 9.7 7.6 8.6 7.5 10.9 
279 7.8 9.8 10.5 8.9 8.8 9.4 9.8 8.9 8.5 9.5 10.3 
280 9.5 8.4 9.1 8.5 9.2 8.3 8.5 9.4 9.5 10.5 9.4 
281 9.1 9.5 8.2 10.3 10.9 8.2 8.3 9.4 8.2 7.4 9.3 
282 13.2 8.6 10.5 7.5 7.8 9.9 9.3 8.8 10.3 8.2 9.0 
283 9.9 8.9 9.4 10.2 9.8 7.6 8.1 9.0 11.0 9.9 8.1 
284 9.2 9.5 10.0 11.2 8.5 8.3 10.7 9.7 9.5 9.0 9.2 
285 10.0 8.6 9.0 9.2 9.7 8.9 9.5 10.5 8.2 10.2 8.6 
286 10.3 9.1 9.3 10.1 8.5 9.6 8.9 9.8 8.9 8.6 9.6 
287 8.6 8.0 10.0 9.1 8.6 8.4 10.0 10.6 8.7 7.9 9.0 
288 8.2 8.7 10.8 8.5 9.1 9.0 10.0 9.6 7.5 8.7 9.4 
289 8.9 7.6 9.4 8.1 8.1 9.5 10.0 8.7 9.7 9.1 9.5 
290 9.7 8.4 9.3 8.3 11.2 10.7 8.0 8.8 11.0 9.6 7.3 
291 8.7 8.7 7.8 9.9 10.5 10.1 9.1 8.1 9.3 9.3 9.5 
292 9.7 8.4 8.2 9.4 9.4 8.6 8.7 6.2 7.1 8.9 8.1 
293 7.8 8.6 8.4 7.9 8.6 8.1 9.8 8.3 7.9 9.3 9.1 
294 8.2 9.3 7.6 8.7 8.9 8.1 8.0 8.5 8.4 9.6 8.2 
295 8.5 9.7 9.8 9.9 6.7 9.6 9.4 8.4 10.2 9.3 10.6 
296 10.1 10.6 8.6 9.4 9.7 10.1 9.6 7.3 8.0 9.4 9.4 
297 9.6 8.5 8.8 9.1 9.1 8.7 8.4 9.5 9.9 8.3 9.3 
298 9.5 9.6 9.4 8.4 10.5 9.4 9.9 8.6 7.9 9.2 8.2 
299 9.8 8.8 11.4 8.8 8.0 10.7 9.7 8.3 8.5 8.9 9.4 
300 8.1 6.3 8.3 9.7 9.2 9.5 9.7 9.6 10.0 9.3 6.9 
301 8.1 11.0 8.1 9.3 10.5 11.0 8.9 8.9 7.9 7.8 10.6 
302 10.0 8.5 9.9 8.7 9.1 8.6 9.4 10.8 8.1 10.2 9.7 
303 8.2 10.3 8.1 10.1 9.0 9.4 8.0 7.7 7.6 8.6 8.0 
304 9.4 9.8 9.1 9.2 9.5 8.9 9.2 8.2 8.3 9.7 8.5 
305 11.3 8.6 9.4 9.6 8.9 9.6 8.4 9.8 8.5 9.0 8.1 
306 10.5 8.3 8.8 8.8 10.7 8.5 9.1 9.9 10.1 9.4 8.7 
307 9.9 9.9 9.3 7.8 10.3 8.8 8.8 10.3 9.3 8.6 8.9 
308 10.0 9.5 9.6 8.8 9.1 11.5 9.5 10.0 10.2 9.5 9.7 
309 9.3 9.0 10.8 7.0 7.0 7.7 7.4 9.2 8.9 11.2 9.3 
310 9.0 7.6 9.1 7.0 8.5 8.3 9.5 8.0 8.8 8.8 8.4 
311 8.9 9.3 9.8 10.1 10.1 7.7 8.9 9.2 10.6 9.8 8.5 
312 10.0 9.4 9.4 10.6 9.3 8.2 8.4 7.7 8.9 9.5 8.7 
313 9.3 10.1 9.7 11.3 8.5 8.8 8.2 10.2 7.9 9.4 7.1 
314 9.6 7.7 9.5 8.9 7.8 9.9 9.1 9.0 7.4 9.1 9.0 
315 10.0 9.2 9.4 9.3 9.0 10.8 11.4 8.1 9.9 8.2 10.0 
316 9.0 10.9 8.7 7.8 8.8 9.5 9.5 9.0 8.7 10.6 9.4 
317 8.1 9.5 11.1 8.1 9.1 8.9 8.7 10.3 8.6 9.0 9.1 
318 9.2 7.1 9.9 10.0 8.9 8.7 9.5 8.6 9.8 9.8 10.0 
319 8.9 11.3 9.1 9.0 8.9 8.5 7.7 8.4 9.5 8.8 9.8 
320 7.7 10.5 9.5 8.5 8.4 10.2 9.0 8.3 10.4 8.7 10.2 
321 10.4 11.2 10.4 8.5 10.3 8.3 8.7 7.8 10.0 9.1 8.3 
322 7.4 6.5 9.1 9.7 9.2 8.2 8.3 8.0 9.5 8.4 10.1 
323 7.3 10.0 8.1 9.7 9.7 9.7 9.9 8.0 10.7 9.5 9.5 
324 8.6 8.8 8.8 8.8 7.3 10.8 9.1 8.8 9.7 8.2 8.9 
325 9.0 8.0 7.2 7.3 9.7 10.3 9.2 10.2 8.2 9.9 8.3 
326 10.6 8.3 10.6 7.8 8.0 8.8 8.9 8.3 8.2 8.3 8.5 
327 8.3 9.0 8.1 10.1 9.9 8.8 9.1 8.3 9.5 9.0 7.8 
328 8.8 8.9 8.8 10.0 9.2 9.3 9.3 7.1 9.8 9.5 9.5 
329 9.5 7.9 10.3 9.8 7.9 7.2 9.1 8.2 9.5 9.2 9.4 
330 9.0 9.2 9.5 8.7 8.6 7.1 10.2 9.6 10.5 9.5 9.8 
331 9.2 8.3 8.5 11.0 7.1 8.3 9.2 10.4 9.1 9.2 9.9 
332 8.6 8.0 10.5 10.9 8.7 10.2 8.1 9.8 10.2 8.8 8.7 
333 9.1 8.5 9.5 8.8 9.5 10.2 9.4 8.6 9.4 7.5 7.7 
334 9.9 9.2 9.6 9.6 10.8 8.7 8.1 7.9 9.8 6.7 9.3 
335 12.2 9.3 8.2 8.8 9.4 9.9 9.5 8.7 10.1 9.9 7.7 
336 10.1 9.9 7.4 9.6 10.0 9.0 9.6 7.4 10.4 9.7 8.1 
337 9.3 10.1 7.3 9.3 8.6 9.2 10.4 8.5 9.2 8.7 8.7 
338 8.4 7.8 8.9 8.4 9.5 9.0 8.9 8.1 8.3 9.7 9.2 
339 9.5 10.2 11.1 8.7 8.4 8.3 8.1 11.5 9.0 8.7 8.4 
340 8.5 8.0 9.0 9.6 8.7 10.5 8.6 8.2 11.1 8.3 9.9 
341 9.2 8.5 10.3 10.1 9.0 9.0 9.3 10.6 9.9 9.2 7.9 
342 9.3 7.9 9.1 9.8 9.3 9.5 8.5 7.4 8.4 9.2 10.3 
343 9.2 9.0 9.7 10.6 9.4 9.3 8.7 9.5 8.0 7.5 9.3 
344 9.0 9.7 8.8 9.5 10.3 8.0 9.2 7.0 10.3 9.9 8.9 
345 8.6 10.1 9.6 8.6 8.5 8.8 9.2 7.8 9.9 7.6 7.9 
346 8.9 10.2 8.7 7.9 8.8 8.1 7.8 7.2 6.7 9.0 8.9 
347 11.1 8.2 7.3 12.0 8.6 9.5 10.9 9.1 7.8 8.8 9.9 
348 9.1 9.7 10.9 8.8 9.2 8.1 6.9 9.2 8.4 8.7 9.5 
349 10.6 9.4 9.4 10.0 8.9 7.8 9.5 9.3 8.9 8.9 6.9 
350 9.8 9.0 8.8 8.2 7.8 10.2 8.1 8.8 11.5 9.0 9.1 
351 8.0 9.9 9.3 8.5 9.3 8.3 10.0 9.6 10.1 10.4 9.8 
352 8.0 7.8 9.5 9.5 9.3 8.9 10.4 10.7 8.5 10.4 8.5 
353 7.8 8.9 10.5 9.1 9.9 6.5 8.5 9.6 9.2 9.0 7.4 
354 10.4 8.8 9.6 8.5 8.8 9.2 11.1 8.5 10.8 8.8 8.8 
355 8.6 7.7 8.5 7.2 10.0 8.2 8.4 8.5 9.9 6.7 9.7 
356 9.8 8.2 9.2 11.0 8.3 9.4 10.6 9.5 8.8 8.6 10.0 
357 9.8 8.9 8.8 10.0 9.1 9.2 9.4 7.6 9.7 8.3 10.3 
358 10.0 8.7 9.9 9.7 8.1 8.2 8.1 8.2 7.5 10.5 8.8 
359 9.9 10.1 9.1 8.8 9.7 7.6 9.8 9.3 8.9 8.0 8.9 
360 9.3 9.4 9.5 9.2 8.4 8.4 10.6 8.7 8.8 9.7 8.7 
361 10.0 11.1 10.9 8.1 9.4 7.9 9.4 9.8 9.0 8.2 8.6 
362 9.9 10.2 8.8 10.7 9.1 11.4 10.2 9.2 10.8 9.0 7.8 
363 8.9 10.5 9.1 7.4 8.6 10.1 9.1 10.0 8.7 10.7 8.5 
364 10.3 8.6 8.0 8.9 8.4 9.2 8.5 8.8 9.5 8.4 9.0 
365 8.7 9.5 10.0 10.0 10.2 9.4 9.0 9.1 7.7 9.9 7.4 
366 8.9 11.1 9.5 9.1 10.7 9.5 8.9 10.1 8.6 9.0 8.7 
367 10.4 11.0 9.3 10.7 9.5 8.9 10.0 9.5 8.8 8.3 8.5 
368 9.2 10.2 9.2 9.9 7.6 9.0 9.2 9.6 10.7 8.7 8.7 
369 9.6 7.7 10.6 7.6 10.2 8.8 8.1 9.3 7.9 9.0 9.6 
370 8.7 8.9 9.7 8.9 10.3 7.9 10.6 7.2 9.7 8.3 8.4 
371 9.7 8.4 9.2 9.0 9.3 9.1 9.7 7.7 9.3 9.7 8.6 
372 8.3 8.9 7.9 7.6 9.1 8.8 7.4 8.0 11.0 8.0 8.3 
373 8.8 10.8 9.3 10.3 9.7 9.5 9.3 8.7 9.7 9.5 9.4 
374 8.6 8.7 8.9 10.4 9.9 8.1 9.8 9.1 8.6 9.0 8.9 
375 9.9 8.6 10.8 7.6 7.2 7.6 10.6 7.9 9.7 10.3 9.0 
376 8.0 8.4 7.9 7.8 9.6 7.2 9.3 11.9 9.2 8.3 8.0 
377 11.0 10.4 10.6 9.3 9.0 9.7 9.5 10.6 10.4 9.3 7.8 
378 8.7 9.0 10.1 6.1 8.5 8.3 9.1 8.3 9.2 8.9 11.1 
379 8.2 9.0 9.6 10.2 9.3 8.3 8.4 10.3 6.9 8.3 8.2 
380 8.3 8.0 8.7 7.9 9.9 8.7 9.9 10.5 11.2 9.7 9.0 
381 8.1 9.7 9.9 11.0 9.1 9.8 8.5 8.8 8.4 8.9 9.5 
382 9.7 8.6 8.8 6.8 9.2 10.5 10.8 9.3 8.8 9.3 9.6 
383 9.1 9.9 8.9 7.7 9.3 9.0 9.1 7.4 9.1 7.7 7.8 
384 8.6 7.7 7.9 8.5 8.8 9.7 10.0 7.7 10.6 11.0 8.4 
385 7.9 10.1 8.1 10.0 8.6 8.1 10.0 8.1 10.2 9.3 8.8 
386 8.4 9.7 10.1 8.3 9.6 9.2 9.1 8.6 10.4 10.4 8.6 
387 8.7 8.7 10.2 7.7 10.7 9.2 10.0 9.3 8.6 9.3 10.2 
388 8.2 8.5 9.5 8.6 9.8 9.3 8.4 8.1 9.0 9.8 10.9 
389 10.0 10.0 9.2 9.8 9.6 7.1 8.8 9.0 8.7 9.1 10.2 
390 8.7 10.4 9.4 8.7 8.3 9.8 9.9 8.1 8.9 7.8 10.1 
391 7.1 9.5 10.9 9.1 10.6 7.9 10.1 9.1 7.9 9.1 8.0 
392 9.7 8.6 7.9 8.6 10.4 9.2 9.0 9.1 9.1 9.7 9.4 
393 7.2 8.1 8.6 8.1 9.1 8.9 9.1 9.5 9.0 9.9 7.7 
394 8.5 8.9 8.8 8.9 8.3 8.5 10.8 8.2 11.0 8.8 10.4 
395 9.4 9.1 9.2 6.5 11.1 8.3 11.8 10.6 9.0 9.4 9.3 
396 9.2 7.6 10.6 9.9 8.4 9.6 8.6 7.9 10.1 10.2 9.7 
397 9.2 8.2 9.3 7.6 9.9 8.6 10.4 9.5 8.2 9.9 9.1 
398 8.9 7.8 10.0 8.7 10.1 8.0 10.2 9.3 9.1 10.0 8.0 
399 8.8 9.4 9.0 9.1 9.4 8.8 7.5 10.3 10.0 8.2 9.8 
400 8.9 9.9 9.4 7.9 8.1 8.4 9.0 9.1 8.8 7.3 9.2 
401 9.4 8.3 8.3 9.6 8.3 9.0 8.2 7.7 8.7 9.9 9.6 
402 8.7 8.8 7.5 8.5 9.2 8.2 8.0 9.8 8.6 9.8 8.1 
403 9.5 8.9 9.6 9.7 9.4 8.2 8.9 10.3 8.2 10.1 8.2 
404 9.6 10.4 7.5 9.0 10.3 9.0 7.9 8.1 7.8 10.8 9.1 
405 10.1 9.0 9.0 7.6 8.7 8.8 10.1 7.8 10.0 9.2 9.3 
406 9.9 8.9 7.7 9.3 8.6 9.9 9.2 8.9 8.1 8.6 9.1 
407 8.5 7.9 8.3 9.0 9.4 7.6 8.3 8.4 10.6 8.1 8.5 
408 9.2 9.5 7.3 10.7 11.3 9.0 7.8 8.9 8.4 10.0 10.2 
409 8.2 10.6 10.8 7.2 10.7 10.1 9.3 10.7 9.3 10.9 10.1 
410 7.9 8.7 9.1 11.1 9.1 9.4 9.6 9.5 7.1 9.3 10.0 
411 9.9 8.5 8.8 9.2 9.6 9.3 9.3 8.0 7.7 8.5 9.5 
412 10.2 8.2 8.3 6.8 8.7 8.0 7.5 8.1 8.0 8.5 9.2 
413 9.8 9.8 9.5 9.1 7.7 7.5 9.5 9.3 8.3 8.1 9.2 
414 8.4 8.1 10.3 8.7 10.7 9.5 7.6 9.7 8.7 10.0 9.3 
415 9.1 9.8 9.1 10.3 8.9 8.4 8.5 9.9 9.9 7.9 8.4 
416 9.7 8.9 8.2 8.9 7.9 8.5 10.1 10.2 8.3 11.0 9.9 
417 11.0 8.4 11.0 8.8 8.7 9.7 7.3 9.1 7.5 8.6 11.9 
418 8.7 9.4 9.8 9.0 8.4 10.5 7.7 8.4 8.4 9.0 7.4 
419 8.0 8.9 10.2 9.6 8.0 8.9 9.4 10.2 9.7 9.9 8.6 
420 9.6 8.1 8.3 8.9 11.3 8.8 8.6 9.9 7.9 8.0 10.4 
421 9.8 10.3 9.7 9.1 11.0 9.5 7.8 8.3 9.2 9.4 10.8 
422 8.7 7.4 10.2 11.1 8.9 8.8 9.3 7.5 9.1 10.4 7.7 
423 8.8 9.3 11.4 8.6 10.3 8.1 9.7 9.1 9.2 9.1 8.7 
424 8.7 9.9 9.9 9.0 7.9 9.6 7.6 9.6 10.7 9.1 9.3 
425 10.0 10.1 7.8 9.1 8.9 9.5 9.0 9.1 10.7 9.7 8.8 
426 10.7 8.9 9.1 9.5 10.1 9.7 9.3 10.8 7.9 8.9 8.8 
427 9.5 8.9 9.6 9.1 8.6 9.3 8.1 8.6 10.1 8.5 8.3 
428 8.3 7.9 9.4 9.3 9.4 9.9 8.0 8.3 9.4 8.7 8.3 
429 10.1 8.9 8.7 8.4 8.6 8.3 8.6 8.9 10.7 8.1 7.7 
430 9.4 7.7 9.7 9.2 7.9 9.3 9.9 9.7 10.6 9.9 10.2 
431 8.9 9.2 9.3 7.6 8.9 8.6 9.5 9.0 7.0 7.6 8.2 
432 8.8 9.2 8.9 8.4 10.1 9.5 8.5 8.7 8.9 9.5 8.5 
433 9.3 8.7 9.2 7.4 10.1 8.8 8.1 7.6 10.7 8.9 10.5 
434 10.0 7.4 8.9 10.0 8.8 11.6 10.3 8.9 8.9 8.0 9.6 
435 8.6 9.6 8.8 9.7 9.1 8.1 9.9 10.0 9.4 7.7 9.1 
436 8.3 9.3 9.0 10.4 9.0 9.4 8.5 8.9 9.7 8.0 8.3 
437 8.3 8.0 10.8 9.3 9.0 9.0 10.6 8.1 8.2 8.8 8.1 
438 10.0 8.6 9.9 9.7 8.8 8.9 8.3 9.3 9.7 8.5 9.5 
439 11.4 10.9 9.1 8.5 10.5 8.0 10.3 7.3 10.5 9.7 9.6 
440 8.5 6.3 10.5 7.8 9.9 7.5 11.4 8.9 9.1 8.2 9.2 
441 11.1 9.8 8.5 8.4 7.8 7.7 9.4 8.9 10.0 8.8 8.7 
442 10.6 9.3 9.6 10.6 7.6 10.7 8.7 10.3 9.9 10.4 10.0 
443 8.6 9.5 8.4 7.8 8.9 9.4 7.7 9.1 9.6 7.8 9.7 
444 9.9 8.8 9.2 9.9 8.9 9.4 11.3 10.5 8.2 12.0 7.0 
445 9.5 10.2 8.6 8.1 9.1 8.5 8.6 8.5 9.7 8.5 8.5 
446 8.6 8.7 8.9 8.9 8.3 9.1 10.7 7.3 8.7 7.7 9.0 
447 8.0 9.5 9.3 8.6 7.8 7.9 9.5 8.7 9.8 9.0 9.6 
448 9.6 8.7 8.8 9.8 8.4 9.8 8.4 10.2 11.0 8.1 9.7 
449 8.4 9.7 8.7 8.6 7.9 8.8 9.5 7.7 8.8 8.7 10.7 
450 9.9 10.3 7.6 8.2 8.4 9.4 9.7 8.4 9.0 8.4 8.3 
451 9.2 11.2 10.0 7.2 8.1 9.3 10.2 6.2 7.8 8.1 8.5 
452 7.9 8.4 10.3 10.7 9.6 8.4 8.0 8.7 10.9 8.0 7.4 
453 8.4 8.2 8.2 9.1 10.5 9.5 10.3 7.2 7.6 8.9 11.0 
454 10.4 10.9 8.6 8.5 8.8 9.3 9.4 10.1 8.9 7.3 8.6 
455 9.8 8.9 8.3 10.0 8.6 10.6 8.2 9.9 9.5 10.6 8.2 
456 10.9 9.7 8.5 8.8 9.9 11.2 8.6 9.3 8.6 8.6 7.1 
457 9.6 10.5 9.4 9.6 8.0 10.5 8.2 9.7 9.3 8.0 8.9 
458 10.1 8.4 10.5 9.6 8.7 9.3 8.9 10.8 8.9 8.0 9.0 
459 8.6 8.8 8.2 9.2 8.5 6.9 10.0 8.5 7.5 8.9 8.9 
460 8.0 7.5 9.3 8.9 9.0 8.9 9.2 11.1 9.2 10.8 10.2 
461 9.0 11.4 8.2 9.3 9.0 7.5 7.9 9.4 8.7 8.6 7.7 
462 10.6 10.7 9.1 8.9 10.5 10.1 8.2 8.0 11.4 8.3 8.0 
463 7.2 9.9 8.3 9.7 8.7 9.8 8.7 9.1 8.2 9.7 9.6 
464 10.1 9.2 8.5 10.7 9.6 11.2 8.9 8.9 8.5 7.7 8.8 
465 9.5 9.6 9.9 8.4 10.7 10.0 9.6 7.2 8.4 10.3 9.0 
466 9.1 10.6 8.3 8.5 11.3 9.1 8.6 9.8 8.2 10.1 8.8 
467 8.5 8.2 9.8 7.9 8.7 9.8 8.5 8.2 9.4 8.5 9.0 
468 7.1 6.3 8.9 9.8 8.5 9.6 9.4 8.4 8.5 10.8 11.4 
469 9.6 8.5 9.2 8.9 9.0 9.6 8.4 7.7 8.3 7.9 8.2 
470 9.9 8.9 9.5 10.0 10.0 8.6 8.9 9.3 8.9 9.6 9.7 
471 9.2 9.4 10.0 7.5 10.2 9.6 9.8 10.2 9.0 10.1 10.4 
472 8.0 9.4 10.2 8.0 9.7 8.9 9.1 8.7 9.5 9.3 10.0 
473 8.5 8.8 9.7 10.0 8.6 8.6 7.9 8.0 9.4 9.1 9.6 
474 8.8 10.6 10.3 8.6 11.0 9.5 8.9 9.6 10.0 9.0 10.1 
475 8.1 9.8 8.5 8.8 8.0 8.4 8.5 8.4 8.7 11.0 9.2 
476 9.5 9.0 8.7 9.0 10.8 9.4 10.1 9.7 9.0 8.7 7.9 
477 9.5 7.4 9.5 10.3 9.0 8.2 9.1 9.4 9.6 8.3 9.7 
478 7.7 8.7 9.7 8.1 7.7 9.3 9.1 8.5 9.2 8.3 8.8 
479 9.7 10.3 9.4 10.2 9.9 8.9 9.6 9.5 9.9 10.0 9.3 
480 7.0 7.5 10.0 9.0 9.4 8.7 8.4 9.0 9.3 8.5 7.1 
481 10.3 7.8 9.5 9.3 8.4 8.2 8.8 7.8 9.3 9.1 8.5 
482 9.7 9.5 8.0 10.4 8.3 8.1 9.2 10.8 8.7 7.2 7.9 
483 10.1 9.5 7.7 7.0 10.8 9.7 8.4 8.8 8.2 9.4 9.8 
484 8.4 9.4 9.6 9.9 9.1 11.4 9.1 8.3 9.2 10.3 8.5 
485 9.1 9.2 8.2 8.2 8.1 9.1 9.3 11.6 7.9 9.0 7.8 
486 10.2 9.7 9.2 10.2 9.9 8.8 9.2 10.0 10.9 9.2 9.1 
487 7.7 9.0 8.7 10.2 7.8 9.3 10.7 8.3 7.3 7.6 9.0 
488 9.9 10.1 6.3 9.4 8.8 9.6 8.8 9.5 10.4 8.6 8.7 
489 9.5 10.0 9.7 8.7 10.1 8.4 9.3 9.1 8.9 8.8 7.8 
490 8.7 8.7 10.4 8.2 9.0 9.1 10.5 8.3 10.2 8.8 10.4 
491 10.1 8.0 10.5 10.1 7.2 8.6 9.2 10.7 9.1 7.8 9.9 
492 9.7 10.8 10.5 7.9 10.7 10.9 9.1 9.7 9.2 9.3 9.4 
493 9.3 11.6 11.8 10.1 10.9 9.4 8.6 9.8 10.7 9.4 10.4 
494 8.8 10.7 10.5 9.5 11.1 12.2 11.5 9.6 9.9 10.3 9.7 
495 11.1 9.9 10.2 10.1 9.3 8.2 8.5 10.8 10.5 11.1 12.6 
496 9.4 11.2 11.0 10.4 11.6 9.8 10.3 9.8 13.4 11.4 10.5 
497 10.8 10.6 11.0 9.8 10.3 7.6 12.0 12.5 12.7 11.3 8.1 
498 9.6 10.7 11.5 12.2 10.7 9.4 10.0 10.9 11.1 11.3 11.3 
499 0.0 0.0 0.0 0.0 0.1 0.0 0.0 0.0 0.0 0.0 0.0 
