0 0.0 39.2 34.4 36.3 57.6 37.3 32.4 47.7 56.9 43.9 40.3 
1 0.0 47.1 37.3 36.1 63.9 39.9 39.4 50.5 58.0 54.9 44.2 
2 0.0 38.7 36.1 33.7 54.9 44.9 39.9 50.0 52.5 54.6 48.4 
3 0.0 45.9 37.8 39.3 49.2 48.3 34.8 45.0 55.2 45.6 45.6 
4 0.0 47.7 37.0 42.6 40.0 53.7 33.2 44.0 57.7 47.2 45.3 
5 0.0 47.9 42.0 37.0 43.1 53.2 33.6 49.1 59.3 47.1 40.9 
6 0.0 41.6 44.0 37.9 37.8 52.6 38.0 48.2 60.4 49.0 44.6 
7 0.0 39.2 38.3 38.0 45.3 59.0 34.8 42.3 60.5 44.9 45.0 
8 0.0 37.5 39.2 37.2 52.7 49.8 38.1 44.3 64.8 47.4 42.1 
9 0.0 38.3 39.5 41.0 51.5 51.3 36.5 45.8 57.9 49.5 38.9 
10 0.0 43.5 38.2 35.2 53.5 53.1 39.5 39.2 56.4 48.5 45.5 
11 0.0 45.4 43.3 36.4 50.6 41.5 36.8 40.1 51.8 50.5 49.4 
12 0.0 39.1 37.8 38.2 50.4 51.1 36.4 35.4 62.3 50.7 50.2 
13 0.0 40.0 41.8 41.2 49.6 44.9 41.6 33.4 55.2 51.3 49.4 
14 0.0 31.7 47.3 40.8 51.4 50.9 44.5 30.0 53.5 55.4 52.1 
15 0.0 33.8 41.5 40.3 51.9 43.2 45.5 34.7 55.4 54.5 48.6 
16 0.0 32.2 39.6 37.9 51.2 46.1 51.2 38.0 52.4 49.4 54.8 
17 0.0 28.9 40.4 41.1 44.8 43.0 47.6 35.8 61.6 46.2 58.2 
18 0.0 28.3 42.1 48.8 46.5 39.7 47.8 37.5 57.2 49.1 55.5 
19 0.0 26.8 45.4 46.9 47.7 40.7 50.4 40.7 56.0 48.5 46.9 
20 0.0 28.4 45.0 48.3 48.5 37.9 47.6 43.9 55.3 43.2 49.3 
21 0.0 28.2 39.8 49.5 50.7 39.6 54.0 47.7 52.6 43.2 48.1 
22 0.0 28.8 47.0 46.8 45.5 36.4 43.4 48.5 52.4 41.4 57.4 
23 0.0 29.7 46.0 56.5 48.3 36.8 49.0 50.9 43.1 38.4 55.1 
24 0.0 27.6 42.0 59.9 45.2 36.0 41.8 49.3 54.4 39.0 56.1 
25 0.0 32.1 41.7 58.4 46.0 39.4 45.8 45.9 54.8 37.8 53.1 
26 0.0 31.3 40.3 55.2 47.7 38.0 41.8 49.9 53.0 44.0 48.4 
27 0.0 28.3 40.6 55.0 51.2 39.8 43.5 42.0 53.1 44.1 52.8 
28 0.0 26.0 41.7 54.0 54.3 38.7 45.2 45.8 53.8 40.7 46.3 
29 0.0 24.1 38.4 47.8 54.0 40.7 51.4 41.7 52.3 48.1 52.4 
30 0.0 29.4 39.1 45.6 48.5 42.4 46.1 52.0 49.9 45.7 51.5 
31 0.0 23.6 34.0 45.3 54.5 42.9 52.1 53.1 49.8 49.4 52.3 
32 0.0 19.0 27.7 49.8 53.7 47.1 54.3 49.2 50.4 46.5 49.7 
33 0.0 15.5 38.0 49.1 58.7 51.0 50.9 47.6 48.1 44.9 47.8 
34 0.0 12.5 39.3 50.5 53.2 53.0 54.8 45.9 51.0 45.3 43.0 
35 0.0 13.0 33.6 49.4 51.0 55.5 58.8 47.1 49.8 49.6 43.1 
36 0.0 13.1 31.2 47.2 52.7 54.8 52.5 49.8 45.5 49.3 51.3 
37 0.0 12.9 33.1 43.1 49.4 52.8 55.4 46.8 50.5 49.6 51.9 
38 0.0 8.5 35.3 41.7 53.4 54.1 56.1 51.3 42.2 50.3 55.4 
39 0.0 12.4 36.1 38.6 51.0 54.6 57.6 55.9 42.4 52.6 48.6 
40 0.0 11.5 35.2 43.9 44.7 63.2 49.9 56.8 42.1 48.1 56.1 
41 0.0 7.1 35.2 36.8 47.4 59.5 47.9 60.3 45.4 54.8 55.0 
42 0.0 6.1 36.7 40.0 42.7 60.9 50.8 60.8 49.7 53.8 49.7 
43 0.0 3.3 31.5 38.2 40.4 64.2 52.5 62.5 48.9 60.5 50.6 
44 0.0 3.2 28.1 44.8 45.1 58.9 60.0 50.5 51.2 55.7 51.4 
45 0.0 3.2 27.7 46.6 52.6 61.8 57.5 45.4 55.5 53.7 48.1 
46 0.0 2.6 24.9 38.2 47.8 72.3 53.1 46.7 54.7 62.3 45.9 
47 0.0 1.5 20.3 34.1 44.5 73.3 63.2 55.9 53.9 57.2 44.6 
48 0.0 2.5 21.0 40.5 40.3 73.8 56.0 58.1 50.8 56.7 50.6 
49 0.0 1.8 20.3 39.6 49.2 68.9 64.7 56.8 48.6 56.3 46.7 
50 0.0 1.4 26.4 42.1 47.1 65.2 69.9 48.2 48.3 51.7 47.8 
51 0.0 2.0 26.5 42.0 51.2 70.8 61.0 50.1 45.9 48.0 49.9 
52 0.0 1.3 26.1 41.3 52.2 69.0 57.0 55.2 50.5 45.1 51.2 
53 0.0 1.4 20.5 42.7 53.2 70.0 58.0 59.1 48.5 45.4 51.0 
54 0.0 1.8 18.5 42.0 51.7 70.3 61.6 60.9 53.2 43.2 48.9 
55 0.0 1.5 19.4 40.2 52.0 64.7 60.1 62.6 47.0 42.3 55.1 
56 0.0 0.1 15.8 37.5 54.2 70.6 56.8 59.3 48.2 55.8 51.0 
57 0.0 0.0 16.7 38.5 50.2 67.7 58.9 65.1 47.6 54.0 51.2 
58 0.0 0.1 17.4 38.0 46.6 67.1 60.9 60.7 44.0 59.0 49.8 
59 0.0 0.8 18.5 34.3 43.8 65.2 57.6 68.2 42.8 61.7 55.7 
60 0.0 0.0 18.7 35.9 47.4 62.9 59.4 73.5 40.7 54.1 57.2 
61 0.0 0.0 25.1 35.2 46.0 63.4 58.5 65.5 44.4 52.5 60.9 
62 0.0 0.3 21.0 33.4 43.9 63.6 55.7 64.7 50.6 55.3 57.5 
63 0.0 0.5 18.2 35.5 44.5 62.6 54.1 69.7 52.9 55.6 55.4 
64 0.0 0.2 18.9 30.2 47.0 53.9 52.3 70.2 60.7 54.5 59.5 
65 0.0 0.4 18.5 33.3 43.0 57.9 56.3 68.6 64.6 52.3 57.8 
66 0.0 0.6 18.1 31.7 43.3 53.4 52.4 65.7 66.7 58.7 57.3 
67 0.0 0.1 17.1 30.2 49.5 49.7 55.8 64.6 65.1 63.6 57.1 
68 0.0 0.0 15.9 33.1 46.5 45.3 57.3 66.7 65.8 59.5 56.4 
69 0.0 0.1 15.3 30.9 48.3 40.0 60.5 66.9 64.4 66.4 59.7 
70 0.0 0.0 14.1 27.5 45.2 43.0 62.5 71.1 63.2 62.1 62.0 
71 0.0 0.0 9.6 24.6 45.4 44.3 68.2 68.0 62.5 58.2 66.5 
72 0.0 0.0 10.4 28.0 46.0 44.0 57.7 67.9 67.3 57.8 73.1 
73 0.0 0.0 8.5 26.0 45.5 53.5 53.7 60.7 67.0 61.7 71.4 
74 0.0 0.0 8.8 29.7 39.4 48.4 56.4 70.7 65.0 63.5 68.4 
75 0.0 0.0 7.8 30.4 43.3 50.3 53.8 63.4 63.5 65.8 68.0 
76 0.0 0.0 6.4 27.0 40.5 50.6 53.5 58.2 69.0 71.6 70.5 
77 0.0 0.0 7.4 25.3 47.9 56.3 59.6 55.3 59.5 60.3 77.4 
78 0.0 0.0 7.0 26.3 42.3 52.1 58.3 59.3 58.3 73.2 74.8 
79 0.0 0.0 8.1 27.1 40.2 49.4 55.9 60.0 57.2 72.1 74.8 
80 0.0 0.0 6.8 27.1 37.6 54.5 64.4 57.2 62.4 66.2 73.6 
81 0.0 0.0 4.4 21.7 40.3 53.3 60.6 55.0 65.3 70.6 74.7 
82 0.0 0.0 2.7 22.1 40.8 49.0 62.4 51.6 69.7 72.1 77.3 
83 0.0 0.0 3.2 17.2 41.2 54.3 60.9 53.0 59.3 76.0 80.0 
84 0.0 0.0 6.0 18.9 39.4 54.2 64.3 56.9 60.7 68.1 82.8 
85 0.0 0.0 5.9 18.2 46.3 51.3 64.5 54.0 63.1 65.7 79.5 
86 0.0 0.0 4.9 17.6 44.9 58.0 65.7 57.9 66.5 65.9 69.3 
87 0.0 0.0 5.0 17.6 43.9 50.1 63.1 56.0 70.9 70.4 73.3 
88 0.0 0.0 4.2 17.4 43.8 48.2 60.4 71.4 70.3 61.5 71.5 
89 0.0 0.0 5.2 16.9 34.8 50.3 61.6 64.8 81.7 63.6 74.7 
90 0.0 0.0 3.2 16.8 35.0 45.1 64.0 67.2 82.7 60.6 75.6 
91 0.0 0.0 3.8 17.6 29.7 44.0 62.9 72.2 86.1 62.9 71.9 
92 0.0 0.0 4.6 19.6 30.9 48.8 52.2 70.2 85.5 60.7 75.4 
93 0.0 0.0 2.4 19.8 30.5 51.0 63.8 69.8 74.8 64.7 75.6 
94 0.0 0.0 2.7 20.1 31.1 45.0 57.1 67.4 78.9 69.3 77.5 
95 0.0 0.0 3.3 17.7 38.0 47.2 57.6 67.3 91.6 61.7 65.5 
96 0.0 0.0 3.0 18.5 39.3 53.5 53.3 67.3 80.5 60.2 70.5 
97 0.0 0.0 2.0 18.9 35.5 58.1 61.9 63.2 81.7 55.4 73.2 
98 0.0 0.0 1.9 19.1 35.4 51.4 62.3 61.4 77.8 59.3 79.9 
99 0.0 0.0 1.1 16.0 36.0 56.2 61.8 62.1 69.6 58.6 84.8 
100 0.0 0.0 1.7 17.2 31.9 53.6 63.6 63.1 68.7 58.6 88.3 
101 0.0 0.0 0.6 17.9 29.1 56.9 59.9 66.1 65.9 61.4 89.5 
102 0.0 0.0 1.4 18.8 29.2 52.1 55.8 66.1 70.8 56.3 98.5 
103 0.0 0.0 2.1 17.6 29.1 51.6 61.8 60.5 74.2 55.5 96.6 
104 0.0 0.0 1.5 20.7 31.0 52.6 65.2 53.9 71.4 62.9 86.9 
105 0.0 0.0 1.7 15.1 33.0 47.5 62.3 62.4 74.3 59.8 89.2 
106 0.0 0.0 1.8 12.8 36.7 53.1 55.9 59.9 75.2 60.6 92.8 
107 0.0 0.0 0.9 12.6 41.0 46.8 55.2 60.9 75.1 62.3 96.5 
108 0.0 0.0 0.4 9.2 40.0 42.4 58.2 60.9 81.8 63.0 93.1 
109 0.0 0.0 0.3 9.8 33.2 49.4 54.6 70.4 76.1 58.4 97.2 
110 0.0 0.0 0.4 8.9 32.4 42.1 55.8 67.9 69.0 70.3 101.0 
111 0.0 0.0 0.2 7.2 29.6 46.2 57.3 67.3 73.8 67.1 102.4 
112 0.0 0.0 0.5 9.3 30.6 44.6 52.3 67.7 73.0 70.0 94.9 
113 0.0 0.0 0.7 8.4 27.7 53.7 52.0 67.0 70.3 75.1 94.8 
114 0.0 0.0 0.3 7.2 28.1 49.2 48.4 67.3 70.9 78.6 98.2 
115 0.0 0.0 0.0 6.4 26.3 55.9 45.0 66.3 76.8 80.1 92.7 
116 0.0 0.0 0.0 8.7 24.7 50.8 45.8 68.8 72.4 77.6 103.5 
117 0.0 0.0 0.0 7.3 23.8 46.3 43.7 69.4 71.9 86.5 100.7 
118 0.0 0.0 0.0 6.9 19.1 44.6 46.6 70.6 80.6 83.9 98.8 
119 0.0 0.0 0.3 7.5 19.9 38.5 43.7 64.0 81.4 86.5 104.3 
120 0.0 0.0 0.3 7.1 16.6 36.9 45.1 67.6 83.5 93.2 103.4 
121 0.0 0.0 0.5 5.8 15.3 39.7 41.9 68.1 89.5 88.4 97.4 
122 0.0 0.0 0.4 4.6 20.3 36.3 52.4 70.9 80.5 86.6 93.9 
123 0.0 0.0 0.4 8.1 18.8 35.6 58.8 76.9 77.0 78.4 92.5 
124 0.0 0.0 0.0 5.1 17.3 33.7 52.0 67.4 82.1 92.5 100.3 
125 0.0 0.0 0.3 4.1 17.5 34.0 51.5 71.9 81.6 81.1 102.6 
126 0.0 0.0 0.0 4.5 18.9 33.2 52.1 71.6 81.1 80.9 108.7 
127 0.0 0.0 0.0 5.2 24.0 38.5 50.6 69.3 77.8 80.2 102.2 
128 0.0 0.0 0.1 3.1 21.1 30.2 50.2 75.3 80.6 88.6 100.7 
129 0.0 0.0 0.0 3.1 20.6 37.6 56.9 74.2 68.8 80.9 106.7 
130 0.0 0.0 0.0 3.2 18.5 42.3 56.5 72.2 66.0 91.3 100.7 
131 0.0 0.0 0.0 3.0 19.3 40.4 55.5 63.9 76.2 85.4 103.9 
132 0.0 0.0 0.0 1.8 23.2 37.3 54.0 62.8 71.0 93.4 104.9 
133 0.0 0.0 0.0 2.8 19.5 33.0 57.3 59.0 81.4 93.0 104.6 
134 0.0 0.0 0.1 3.3 19.6 35.9 56.1 61.8 80.3 93.9 97.0 
135 0.0 0.0 0.0 1.7 14.9 33.8 54.8 62.9 85.0 92.8 102.8 
136 0.0 0.0 0.0 3.0 12.6 27.6 48.2 65.5 83.3 97.3 111.7 
137 0.0 0.0 0.0 2.1 13.7 30.2 54.1 63.5 81.2 104.3 100.7 
138 0.0 0.0 0.0 2.0 17.2 30.4 49.8 63.4 82.5 97.1 104.8 
139 0.0 0.0 0.1 1.3 16.1 29.7 47.3 67.5 76.9 102.4 107.3 
140 0.0 0.0 0.0 1.9 14.5 32.6 50.6 70.0 77.3 88.8 112.1 
141 0.0 0.0 0.0 0.3 14.5 26.4 45.4 70.4 74.2 96.6 120.1 
142 0.0 0.0 0.0 0.6 10.0 23.4 47.1 71.1 68.2 112.7 118.2 
143 0.0 0.0 0.0 1.1 13.7 23.4 50.8 69.5 72.8 114.0 109.5 
144 0.0 0.0 0.0 1.3 15.3 20.2 43.6 67.3 77.6 109.6 107.3 
145 0.0 0.0 0.1 0.5 11.6 21.9 44.5 69.3 81.3 114.3 106.9 
146 0.0 0.0 0.0 0.3 9.8 22.2 44.9 71.5 83.7 110.9 106.3 
147 0.0 0.0 0.0 1.2 8.0 23.6 46.6 67.9 82.4 108.4 112.0 
148 0.0 0.0 0.0 0.7 8.6 26.4 54.6 65.3 74.3 106.9 111.3 
149 0.0 0.0 0.0 0.5 5.3 21.3 48.9 66.3 77.5 115.5 114.3 
150 0.0 0.0 0.0 0.2 6.6 23.7 49.6 76.4 71.4 107.5 108.4 
151 0.0 0.0 0.0 0.0 6.2 28.1 48.8 80.0 72.4 103.3 107.5 
152 0.0 0.0 0.0 0.0 6.6 27.7 46.7 78.7 72.8 108.3 113.0 
153 0.0 0.0 0.0 0.8 7.7 22.4 46.1 74.2 72.4 108.6 116.0 
154 0.0 0.0 0.0 0.0 5.6 26.2 41.5 75.7 78.2 101.3 116.7 
155 0.0 0.0 0.0 0.2 7.5 23.0 42.2 75.0 74.3 112.2 119.9 
156 0.0 0.0 0.0 0.1 8.2 19.5 43.2 73.1 65.8 108.2 131.7 
157 0.0 0.0 0.0 0.1 7.4 16.0 42.0 68.5 68.3 112.1 132.0 
158 0.0 0.0 0.0 0.2 8.1 20.4 43.2 73.4 71.5 104.9 131.9 
159 0.0 0.0 0.0 0.3 8.9 20.8 41.4 67.3 68.8 104.2 134.1 
160 0.0 0.0 0.0 0.3 9.5 18.2 42.7 66.2 68.2 109.0 134.4 
161 0.0 0.0 0.0 0.6 4.6 18.9 45.0 72.3 65.0 112.8 127.3 
162 0.0 0.0 0.0 0.5 6.4 18.1 43.7 67.2 69.6 120.2 120.6 
163 0.0 0.0 0.0 0.3 6.6 17.9 45.2 63.4 73.4 116.5 128.9 
164 0.0 0.0 0.0 0.0 6.0 17.7 47.0 66.1 71.9 112.9 127.0 
165 0.0 0.0 0.0 0.1 6.4 16.5 43.6 67.9 76.4 107.3 131.4 
166 0.0 0.0 0.0 0.0 3.7 12.9 44.2 63.0 76.6 115.9 124.1 
167 0.0 0.0 0.0 0.0 4.2 11.0 40.3 64.8 89.7 115.0 125.2 
168 0.0 0.0 0.0 0.0 2.3 12.4 44.6 58.1 86.0 108.5 135.6 
169 0.0 0.0 0.0 0.0 1.7 10.8 37.6 58.4 90.1 116.6 131.9 
170 0.0 0.0 0.0 0.0 2.8 10.7 38.0 50.1 86.7 117.6 146.9 
171 0.0 0.0 0.0 0.0 2.8 9.7 33.8 51.9 90.0 113.1 143.9 
172 0.0 0.0 0.0 0.0 2.0 10.6 33.6 53.2 96.3 114.5 139.4 
173 0.0 0.0 0.0 0.0 1.6 10.4 29.8 45.7 96.3 113.9 149.5 
174 0.0 0.0 0.0 0.0 2.3 12.7 30.4 47.2 97.7 111.9 140.6 
175 0.0 0.0 0.0 0.0 1.9 11.5 31.8 54.3 108.8 105.9 132.9 
176 0.0 0.0 0.0 0.2 1.3 8.4 33.9 57.0 104.3 111.4 133.8 
177 0.0 0.0 0.0 0.0 1.6 9.0 29.6 55.6 97.4 114.4 138.2 
178 0.0 0.0 0.0 0.0 1.3 11.9 31.4 57.5 102.3 112.4 129.3 
179 0.0 0.0 0.0 0.0 1.5 9.9 32.3 59.0 103.0 107.7 138.9 
180 0.0 0.0 0.0 0.0 0.5 8.5 29.2 58.2 97.3 112.4 144.1 
181 0.0 0.0 0.0 0.0 1.5 9.2 27.1 49.8 94.6 121.5 143.1 
182 0.0 0.0 0.0 0.0 1.0 6.1 27.5 60.2 90.3 117.0 152.4 
183 0.0 0.0 0.0 0.0 0.6 9.2 30.5 56.0 94.6 116.1 138.9 
184 0.0 0.0 0.0 0.0 0.7 7.8 28.1 63.6 94.7 114.9 143.0 
185 0.0 0.0 0.0 0.0 0.4 7.6 30.3 61.7 89.4 102.5 150.2 
186 0.0 0.0 0.0 0.0 0.7 7.5 29.1 57.8 91.3 113.0 151.4 
187 0.0 0.0 0.0 0.0 0.3 8.9 24.9 58.2 90.7 112.8 157.7 
188 0.0 0.0 0.0 0.0 0.5 7.2 30.5 53.4 79.5 112.7 158.8 
189 0.0 0.0 0.0 0.0 0.6 7.6 28.4 52.6 81.6 113.9 165.4 
190 0.0 0.0 0.0 0.0 0.6 4.8 29.4 56.9 83.0 116.5 156.0 
191 0.0 0.0 0.0 0.0 0.2 5.9 32.3 57.1 87.2 117.7 148.1 
192 0.0 0.0 0.0 0.0 1.0 5.7 31.3 58.2 90.9 120.7 142.3 
193 0.0 0.0 0.0 0.0 1.1 7.1 25.8 50.5 90.6 112.1 158.1 
194 0.0 0.0 0.0 0.0 0.7 4.8 29.8 49.6 88.7 117.4 162.2 
195 0.0 0.0 0.0 0.0 0.5 4.8 25.7 52.6 81.7 121.2 159.1 
196 0.0 0.0 0.0 0.0 0.4 2.4 26.5 53.9 80.9 121.5 158.3 
197 0.0 0.0 0.0 0.0 1.0 4.6 23.0 56.0 72.1 128.3 165.6 
198 0.0 0.0 0.0 0.0 0.3 5.9 20.9 53.0 78.8 123.6 163.1 
199 0.0 0.0 0.0 0.0 0.4 3.7 18.2 53.0 78.8 125.4 171.8 
200 0.0 0.0 0.0 0.0 0.1 3.4 18.4 46.5 79.0 125.6 174.3 
201 0.0 0.0 0.0 0.0 0.1 2.9 17.4 44.8 69.4 120.8 190.4 
202 0.0 0.0 0.0 0.0 0.8 4.3 19.7 43.4 72.9 112.1 193.8 
203 0.0 0.0 0.0 0.0 0.2 4.7 14.2 43.6 72.7 117.5 192.8 
204 0.0 0.0 0.0 0.0 0.0 4.7 15.2 42.8 74.8 116.9 195.4 
205 0.0 0.0 0.0 0.0 0.4 2.9 16.0 42.5 70.3 111.8 203.0 
206 0.0 0.0 0.0 0.0 0.3 2.9 11.8 41.7 71.9 116.3 199.3 
207 0.0 0.0 0.0 0.0 0.2 2.1 13.2 37.7 74.6 124.8 197.3 
208 0.0 0.0 0.0 0.0 0.1 1.5 14.5 38.0 73.6 117.9 203.9 
209 0.0 0.0 0.0 0.0 0.1 2.4 12.4 34.4 72.5 139.2 189.1 
210 0.0 0.0 0.0 0.0 0.3 1.8 10.3 33.6 79.5 124.7 196.5 
211 0.0 0.0 0.0 0.0 0.0 1.7 11.1 28.9 73.4 127.0 205.3 
212 0.0 0.0 0.0 0.0 0.0 1.6 9.8 33.2 65.7 134.7 203.5 
213 0.0 0.0 0.0 0.0 0.0 1.1 10.7 32.1 66.8 134.2 204.1 
214 0.0 0.0 0.0 0.0 0.0 1.1 7.8 34.3 67.7 134.3 200.7 
215 0.0 0.0 0.0 0.0 0.0 0.6 7.9 33.5 63.5 146.9 198.4 
216 0.0 0.0 0.0 0.0 0.0 0.5 7.6 29.5 62.2 154.7 194.1 
217 0.0 0.0 0.0 0.0 0.0 1.2 7.6 33.0 58.3 155.8 193.2 
218 0.0 0.0 0.0 0.0 0.0 1.4 9.9 35.8 62.1 150.0 186.9 
219 0.0 0.0 0.0 0.0 0.0 1.5 10.2 29.1 54.6 158.9 191.1 
220 0.0 0.0 0.0 0.0 0.0 1.8 11.7 30.1 58.5 163.7 190.2 
221 0.0 0.0 0.0 0.0 0.0 0.2 10.7 29.8 60.0 157.4 185.3 
222 0.0 0.0 0.0 0.0 0.0 0.9 14.3 27.4 64.9 155.3 185.0 
223 0.0 0.0 0.0 0.0 0.0 1.0 9.9 27.3 65.1 151.5 186.8 
224 0.0 0.0 0.0 0.0 0.0 0.8 8.6 31.5 69.0 151.6 185.0 
225 0.0 0.0 0.0 0.0 0.0 0.4 7.8 26.7 64.2 157.9 189.5 
226 0.0 0.0 0.0 0.0 0.0 0.7 6.3 29.7 65.3 152.9 191.3 
227 0.0 0.0 0.0 0.0 0.0 1.1 8.2 28.3 59.8 157.4 196.1 
228 0.0 0.0 0.0 0.0 0.0 0.7 9.5 30.0 51.6 160.2 194.5 
229 0.0 0.0 0.0 0.0 0.0 0.4 7.2 27.3 55.8 153.6 200.8 
230 0.0 0.0 0.0 0.0 0.0 0.2 7.2 20.7 54.1 145.0 223.0 
231 0.0 0.0 0.0 0.0 0.0 0.0 5.1 24.1 55.6 143.3 212.2 
232 0.0 0.0 0.0 0.0 0.0 0.1 6.2 26.0 58.0 144.2 214.0 
233 0.0 0.0 0.0 0.0 0.0 0.0 6.8 25.7 55.9 146.0 213.4 
234 0.0 0.0 0.0 0.0 0.0 0.0 5.4 22.1 56.4 143.9 210.4 
235 0.0 0.0 0.0 0.0 0.0 0.0 7.4 27.3 64.0 144.9 205.7 
236 0.0 0.0 0.0 0.0 0.0 0.0 9.4 22.3 59.4 139.1 218.9 
237 0.0 0.0 0.0 0.0 0.0 0.0 5.1 23.8 57.6 142.6 218.4 
238 0.0 0.0 0.0 0.0 0.0 0.1 4.7 17.1 58.2 140.8 222.8 
239 0.0 0.0 0.0 0.0 0.0 0.1 4.8 21.8 60.5 135.3 225.0 
240 0.0 0.0 0.0 0.0 0.0 0.9 4.8 19.8 60.6 132.6 227.1 
241 0.0 0.0 0.0 0.0 0.0 0.4 4.0 17.9 61.4 138.2 220.0 
242 0.0 0.0 0.0 0.0 0.0 0.3 3.4 22.4 61.9 127.1 230.8 
243 0.0 0.0 0.0 0.0 0.0 1.2 4.0 20.5 59.9 125.6 239.3 
244 0.0 0.0 0.0 0.0 0.0 0.7 2.4 21.8 59.1 129.8 233.8 
245 0.0 0.0 0.0 0.0 0.0 0.5 2.9 16.4 55.7 138.2 230.4 
246 0.0 0.0 0.0 0.0 0.0 0.0 4.1 21.5 47.1 136.4 237.7 
247 0.0 0.0 0.0 0.0 0.0 0.0 4.4 18.3 53.7 128.8 240.9 
248 0.0 0.0 0.0 0.0 0.0 0.0 5.0 20.2 50.3 136.7 234.8 
249 0.0 0.0 0.0 0.0 0.0 0.0 3.3 22.7 51.9 138.8 225.8 
250 0.0 0.0 0.0 0.0 0.0 0.0 5.0 16.9 48.8 133.0 241.3 
251 0.0 0.0 0.0 0.0 0.0 0.0 2.4 19.0 49.6 139.0 230.4 
252 0.0 0.0 0.0 0.0 0.0 0.0 2.1 24.5 50.9 142.2 228.4 
253 0.0 0.0 0.0 0.0 0.0 0.0 2.7 20.1 45.0 138.5 244.0 
254 0.0 0.0 0.0 0.0 0.0 0.0 1.3 17.0 44.0 139.0 242.4 
255 0.0 0.0 0.0 0.0 0.0 0.0 2.5 18.0 43.5 139.7 248.5 
256 0.0 0.0 0.0 0.0 0.0 0.0 3.8 14.8 46.1 125.6 258.5 
257 0.0 0.0 0.0 0.0 0.0 0.2 2.5 13.9 45.6 125.8 255.2 
258 0.0 0.0 0.0 0.0 0.0 0.0 2.2 13.9 47.0 127.0 256.1 
259 0.0 0.0 0.0 0.0 0.0 0.3 1.9 13.7 44.1 123.3 266.4 
260 0.0 0.0 0.0 0.0 0.0 0.0 1.9 14.3 42.4 118.4 261.3 
261 0.0 0.0 0.0 0.0 0.0 0.0 0.4 10.7 42.5 114.8 280.3 
262 0.0 0.0 0.0 0.0 0.0 0.0 0.8 11.0 45.3 119.9 270.1 
263 0.0 0.0 0.0 0.0 0.0 0.0 0.8 9.0 45.9 112.1 279.5 
264 0.0 0.0 0.0 0.0 0.0 0.0 1.3 10.1 43.3 113.9 276.4 
265 0.0 0.0 0.0 0.0 0.0 0.0 1.1 9.2 37.3 115.3 281.6 
266 0.0 0.0 0.0 0.0 0.0 0.0 1.3 9.6 38.9 121.0 270.2 
267 0.0 0.0 0.0 0.0 0.0 0.0 0.8 7.9 37.0 117.6 285.5 
268 0.0 0.0 0.0 0.0 0.0 0.0 0.9 10.8 36.5 117.1 280.2 
269 0.0 0.0 0.0 0.0 0.0 0.0 1.0 9.1 40.4 110.6 285.4 
270 0.0 0.0 0.0 0.0 0.0 0.0 1.2 6.7 39.9 110.4 287.1 
271 0.0 0.0 0.0 0.0 0.0 0.0 0.2 7.8 37.9 113.1 281.8 
272 0.0 0.0 0.0 0.0 0.0 0.0 0.2 6.9 41.6 120.0 276.8 
273 0.0 0.0 0.0 0.0 0.0 0.0 0.1 7.5 37.0 113.7 285.9 
274 0.0 0.0 0.0 0.0 0.0 0.0 0.2 6.6 40.6 121.6 274.0 
275 0.0 0.0 0.0 0.0 0.0 0.0 0.2 4.3 40.7 115.8 284.9 
276 0.0 0.0 0.0 0.0 0.0 0.0 0.6 4.5 33.6 107.2 293.6 
277 0.0 0.0 0.0 0.0 0.0 0.0 0.0 6.3 34.5 114.0 289.7 
278 0.0 0.0 0.0 0.0 0.0 0.0 0.0 3.9 33.8 122.4 293.6 
279 0.0 0.0 0.0 0.0 0.0 0.0 0.0 2.2 29.7 112.4 301.0 
280 0.0 0.0 0.0 0.0 0.0 0.0 0.0 3.0 34.4 114.0 294.9 
281 0.0 0.0 0.0 0.0 0.0 0.0 0.0 4.5 29.0 113.0 300.2 
282 0.0 0.0 0.0 0.0 0.0 0.0 0.2 4.3 27.8 110.2 304.3 
283 0.0 0.0 0.0 0.0 0.0 0.0 0.1 2.9 21.9 121.4 295.5 
284 0.0 0.0 0.0 0.0 0.0 0.0 0.0 4.0 23.6 114.5 296.5 
285 0.0 0.0 0.0 0.0 0.0 0.0 0.1 2.6 22.0 123.3 296.3 
286 0.0 0.0 0.0 0.0 0.0 0.0 0.1 2.4 17.7 109.4 313.8 
287 0.0 0.0 0.0 0.0 0.0 0.0 0.0 3.0 22.1 103.7 313.1 
288 0.0 0.0 0.0 0.0 0.0 0.0 0.0 2.3 25.1 101.6 317.4 
289 0.0 0.0 0.0 0.0 0.0 0.0 0.0 2.8 20.8 107.6 308.9 
290 0.0 0.0 0.0 0.0 0.0 0.0 0.0 2.5 20.4 98.0 323.6 
291 0.0 0.0 0.0 0.0 0.0 0.0 0.0 1.5 19.0 100.9 320.0 
292 0.0 0.0 0.0 0.0 0.0 0.0 0.0 1.8 18.9 104.7 320.6 
293 0.0 0.0 0.0 0.0 0.0 0.0 0.0 1.7 17.0 102.9 322.9 
294 0.0 0.0 0.0 0.0 0.0 0.0 0.0 3.8 14.9 98.3 324.5 
295 0.0 0.0 0.0 0.0 0.0 0.0 0.0 2.5 14.5 100.3 326.3 
296 0.0 0.0 0.0 0.0 0.0 0.0 0.0 1.1 15.3 107.0 316.5 
297 0.0 0.0 0.0 0.0 0.0 0.0 0.0 1.7 18.0 109.6 318.6 
298 0.0 0.0 0.0 0.0 0.0 0.0 0.0 1.2 13.8 103.1 322.6 
299 0.0 0.0 0.0 0.0 0.0 0.0 0.0 0.5 13.2 106.2 319.9 
300 0.0 0.0 0.0 0.0 0.0 0.0 0.0 0.6 16.4 103.1 320.3 
301 0.0 0.0 0.0 0.0 0.0 0.0 0.0 1.1 10.7 98.8 330.3 
302 0.0 0.0 0.0 0.0 0.0 0.0 0.0 1.1 14.6 93.7 332.9 
303 0.0 0.0 0.0 0.0 0.0 0.0 0.0 0.7 10.9 92.1 337.4 
304 0.0 0.0 0.0 0.0 0.0 0.0 0.0 0.3 12.3 82.6 350.5 
305 0.0 0.0 0.0 0.0 0.0 0.0 0.2 1.3 14.7 84.5 338.1 
306 0.0 0.0 0.0 0.0 0.0 0.0 0.0 0.9 15.8 79.3 345.8 
307 0.0 0.0 0.0 0.0 0.0 0.0 0.0 1.2 10.6 75.3 351.2 
308 0.0 0.0 0.0 0.0 0.0 0.0 0.0 1.2 12.9 76.9 354.0 
309 0.0 0.0 0.0 0.0 0.0 0.0 0.1 1.3 14.6 77.5 349.3 
310 0.0 0.0 0.0 0.0 0.0 0.0 0.0 1.6 10.8 80.0 347.1 
311 0.0 0.0 0.0 0.0 0.0 0.0 0.0 1.2 10.8 82.0 344.1 
312 0.0 0.0 0.0 0.0 0.0 0.0 0.0 0.2 9.6 82.6 351.9 
313 0.0 0.0 0.0 0.0 0.0 0.0 0.0 0.2 11.3 76.2 360.6 
314 0.0 0.0 0.0 0.0 0.0 0.0 0.0 0.5 7.8 70.3 359.9 
315 0.0 0.0 0.0 0.0 0.0 0.0 0.0 0.3 9.3 70.1 364.7 
316 0.0 0.0 0.0 0.0 0.0 0.0 0.0 0.4 8.7 75.8 355.5 
317 0.0 0.0 0.0 0.0 0.0 0.0 0.0 0.6 7.7 73.6 360.7 
318 0.0 0.0 0.0 0.0 0.0 0.0 0.0 0.0 8.6 83.8 355.1 
319 0.0 0.0 0.0 0.0 0.0 0.0 0.0 0.4 7.3 74.0 360.7 
320 0.0 0.0 0.0 0.0 0.0 0.0 0.0 0.1 8.9 73.5 355.4 
321 0.0 0.0 0.0 0.0 0.0 0.0 0.0 0.4 13.6 77.5 352.7 
322 0.0 0.0 0.0 0.0 0.0 0.0 0.0 0.2 10.0 67.5 366.6 
323 0.0 0.0 0.0 0.0 0.0 0.0 0.0 0.0 9.1 71.6 359.8 
324 0.0 0.0 0.0 0.0 0.0 0.0 0.0 0.0 8.7 67.4 366.6 
325 0.0 0.0 0.0 0.0 0.0 0.0 0.0 0.0 5.9 66.0 365.0 
326 0.0 0.0 0.0 0.0 0.0 0.0 0.0 0.0 8.3 62.4 366.5 
327 0.0 0.0 0.0 0.0 0.0 0.0 0.0 0.0 5.7 61.9 375.5 
328 0.0 0.0 0.0 0.0 0.0 0.0 0.0 0.0 6.7 60.5 371.9 
329 0.0 0.0 0.0 0.0 0.0 0.0 0.0 0.0 4.1 59.3 374.7 
330 0.0 0.0 0.0 0.0 0.0 0.0 0.0 0.0 2.3 62.3 375.0 
331 0.0 0.0 0.0 0.0 0.0 0.0 0.0 0.0 2.9 66.2 374.0 
332 0.0 0.0 0.0 0.0 0.0 0.0 0.0 0.0 2.6 59.8 376.2 
333 0.0 0.0 0.0 0.0 0.0 0.0 0.0 0.0 2.6 62.3 371.5 
334 0.0 0.0 0.0 0.0 0.0 0.0 0.0 0.0 3.0 55.3 385.2 
335 0.0 0.0 0.0 0.0 0.0 0.0 0.0 0.0 1.4 59.2 376.5 
336 0.0 0.0 0.0 0.0 0.0 0.0 0.0 0.0 1.2 55.0 382.9 
337 0.0 0.0 0.0 0.0 0.0 0.0 0.0 0.0 0.8 47.6 392.9 
338 0.0 0.0 0.0 0.0 0.0 0.0 0.0 0.0 1.1 44.2 391.4 
339 0.0 0.0 0.0 0.0 0.0 0.0 0.0 0.0 0.4 40.2 402.2 
340 0.0 0.0 0.0 0.0 0.0 0.0 0.0 0.0 0.6 43.9 395.2 
341 0.0 0.0 0.0 0.0 0.0 0.0 0.0 0.0 0.4 39.5 396.9 
342 0.0 0.0 0.0 0.0 0.0 0.0 0.0 0.0 0.9 43.9 395.6 
343 0.0 0.0 0.0 0.0 0.0 0.0 0.0 0.0 0.5 38.6 393.8 
344 0.0 0.0 0.0 0.0 0.0 0.0 0.0 0.0 1.2 32.1 410.6 
345 0.0 0.0 0.0 0.0 0.0 0.0 0.0 0.0 0.7 33.0 400.3 
346 0.0 0.0 0.0 0.0 0.0 0.0 0.0 0.0 0.2 29.4 409.3 
347 0.0 0.0 0.0 0.0 0.0 0.0 0.0 0.0 0.8 28.6 408.9 
348 0.0 0.0 0.0 0.0 0.0 0.0 0.0 0.0 0.8 34.3 399.5 
349 0.0 0.0 0.0 0.0 0.0 0.0 0.0 0.0 0.7 26.6 411.5 
350 0.0 0.0 0.0 0.0 0.0 0.0 0.0 0.0 0.1 30.1 410.1 
351 0.0 0.0 0.0 0.0 0.0 0.0 0.0 0.0 0.2 24.1 420.0 
352 0.0 0.0 0.0 0.0 0.0 0.0 0.0 0.0 0.6 23.1 413.0 
353 0.0 0.0 0.0 0.0 0.0 0.0 0.0 0.0 0.7 22.7 410.0 
354 0.0 0.0 0.0 0.0 0.0 0.0 0.0 0.0 0.2 22.3 411.7 
355 0.0 0.0 0.0 0.0 0.0 0.0 0.0 0.0 0.3 18.9 418.2 
356 0.0 0.0 0.0 0.0 0.0 0.0 0.0 0.0 0.2 17.5 413.8 
357 0.0 0.0 0.0 0.0 0.0 0.0 0.0 0.0 0.2 19.9 415.3 
358 0.0 0.0 0.0 0.0 0.0 0.0 0.0 0.0 0.3 17.2 416.7 
359 0.0 0.0 0.0 0.0 0.0 0.0 0.0 0.0 0.5 14.8 417.4 
360 0.0 0.0 0.0 0.0 0.0 0.0 0.0 0.0 0.1 16.1 418.0 
361 0.0 0.0 0.0 0.0 0.0 0.0 0.0 0.0 0.2 16.7 422.5 
362 0.0 0.0 0.0 0.0 0.0 0.0 0.0 0.0 0.0 20.4 412.4 
363 0.0 0.0 0.0 0.0 0.0 0.0 0.0 0.0 0.1 19.1 410.5 
364 0.0 0.0 0.0 0.0 0.0 0.0 0.0 0.0 0.0 19.5 411.1 
365 0.0 0.0 0.0 0.0 0.0 0.0 0.0 0.0 0.0 21.0 419.4 
366 0.0 0.0 0.0 0.0 0.0 0.0 0.0 0.0 0.1 13.5 417.4 
367 0.0 0.0 0.0 0.0 0.0 0.0 0.0 0.0 0.0 9.8 426.2 
368 0.0 0.0 0.0 0.0 0.0 0.0 0.0 0.0 0.0 11.3 423.1 
369 0.0 0.0 0.0 0.0 0.0 0.0 0.0 0.0 0.2 12.2 416.2 
370 0.0 0.0 0.0 0.0 0.0 0.0 0.0 0.0 0.2 10.8 427.5 
371 0.0 0.0 0.0 0.0 0.0 0.0 0.0 0.0 0.2 8.0 422.9 
372 0.0 0.0 0.0 0.0 0.0 0.0 0.0 0.0 0.0 8.3 421.6 
373 0.0 0.0 0.0 0.0 0.0 0.0 0.0 0.0 0.1 8.1 424.6 
374 0.0 0.0 0.0 0.0 0.0 0.0 0.0 0.0 0.1 5.6 421.5 
375 0.0 0.0 0.0 0.0 0.0 0.0 0.0 0.0 0.9 5.1 425.2 
376 0.0 0.0 0.0 0.0 0.0 0.0 0.0 0.0 0.1 6.2 427.0 
377 0.0 0.0 0.0 0.0 0.0 0.0 0.0 0.0 0.0 5.9 417.1 
378 0.0 0.0 0.0 0.0 0.0 0.0 0.0 0.0 0.0 5.8 432.0 
379 0.0 0.0 0.0 0.0 0.0 0.0 0.0 0.0 0.0 5.5 425.8 
380 0.0 0.0 0.0 0.0 0.0 0.0 0.0 0.0 0.0 4.3 424.9 
381 0.0 0.0 0.0 0.0 0.0 0.0 0.0 0.0 0.0 6.9 427.8 
382 0.0 0.0 0.0 0.0 0.0 0.0 0.0 0.0 0.0 5.6 417.3 
383 0.0 0.0 0.0 0.0 0.0 0.0 0.0 0.0 0.0 5.1 430.5 
384 0.0 0.0 0.0 0.0 0.0 0.0 0.0 0.0 0.0 5.5 421.1 
385 0.0 0.0 0.0 0.0 0.0 0.0 0.0 0.0 0.0 5.8 425.7 
386 0.0 0.0 0.0 0.0 0.0 0.0 0.0 0.0 0.0 4.2 420.8 
387 0.0 0.0 0.0 0.0 0.0 0.0 0.0 0.0 0.0 3.6 423.5 
388 0.0 0.0 0.0 0.0 0.0 0.0 0.0 0.0 0.0 4.3 428.0 
389 0.0 0.0 0.0 0.0 0.0 0.0 0.0 0.0 0.0 3.2 426.2 
390 0.0 0.0 0.0 0.0 0.0 0.0 0.0 0.0 0.0 2.7 423.3 
391 0.0 0.0 0.0 0.0 0.0 0.0 0.0 0.0 0.0 1.4 427.9 
392 0.0 0.0 0.0 0.0 0.0 0.0 0.0 0.0 0.0 1.6 416.0 
393 0.0 0.0 0.0 0.0 0.0 0.0 0.0 0.0 0.0 1.3 425.0 
394 0.0 0.0 0.0 0.0 0.0 0.0 0.0 0.0 0.0 2.7 417.7 
395 0.0 0.0 0.0 0.0 0.0 0.0 0.0 0.0 0.0 2.3 418.2 
396 0.0 0.0 0.0 0.0 0.0 0.0 0.0 0.0 0.0 2.6 421.0 
397 0.0 0.0 0.0 0.0 0.0 0.0 0.0 0.0 0.0 1.4 420.1 
398 0.0 0.0 0.0 0.0 0.0 0.0 0.0 0.0 0.0 1.5 415.9 
399 0.0 0.0 0.0 0.0 0.0 0.0 0.0 0.0 0.0 1.5 416.9 
400 0.0 0.0 0.0 0.0 0.0 0.0 0.0 0.0 0.0 2.0 424.5 
401 0.0 0.0 0.0 0.0 0.0 0.0 0.0 0.0 0.0 1.6 413.5 
402 0.0 0.0 0.0 0.0 0.0 0.0 0.0 0.0 0.0 0.6 421.1 
403 0.0 0.0 0.0 0.0 0.0 0.0 0.0 0.0 0.0 0.8 418.5 
404 0.0 0.0 0.0 0.0 0.0 0.0 0.0 0.0 0.0 0.5 418.8 
405 0.0 0.0 0.0 0.0 0.0 0.0 0.0 0.0 0.0 0.8 413.4 
406 0.0 0.0 0.0 0.0 0.0 0.0 0.0 0.0 0.0 0.2 415.1 
407 0.0 0.0 0.0 0.0 0.0 0.0 0.0 0.0 0.0 0.3 413.3 
408 0.0 0.0 0.0 0.0 0.0 0.0 0.0 0.0 0.0 0.0 410.4 
409 0.0 0.0 0.0 0.0 0.0 0.0 0.0 0.0 0.0 0.4 414.0 
410 0.0 0.0 0.0 0.0 0.0 0.0 0.0 0.0 0.0 0.2 420.9 
411 0.0 0.0 0.0 0.0 0.0 0.0 0.0 0.0 0.0 1.2 408.8 
412 0.0 0.0 0.0 0.0 0.0 0.0 0.0 0.0 0.0 0.9 417.7 
413 0.0 0.0 0.0 0.0 0.0 0.0 0.0 0.0 0.0 0.3 413.9 
414 0.0 0.0 0.0 0.0 0.0 0.0 0.0 0.0 0.0 0.2 414.2 
415 0.0 0.0 0.0 0.0 0.0 0.0 0.0 0.0 0.0 0.0 418.0 
416 0.0 0.0 0.0 0.0 0.0 0.0 0.0 0.0 0.0 0.2 419.0 
417 0.0 0.0 0.0 0.0 0.0 0.0 0.0 0.0 0.0 0.0 404.2 
418 0.0 0.0 0.0 0.0 0.0 0.0 0.0 0.0 0.0 0.0 411.6 
419 0.0 0.0 0.0 0.0 0.0 0.0 0.0 0.0 0.0 0.0 406.1 
420 0.0 0.0 0.0 0.0 0.0 0.0 0.0 0.0 0.0 0.0 412.9 
421 0.0 0.0 0.0 0.0 0.0 0.0 0.0 0.0 0.0 0.0 407.1 
422 0.0 0.0 0.0 0.0 0.0 0.0 0.0 0.0 0.0 0.0 402.4 
423 0.0 0.0 0.0 0.0 0.0 0.0 0.0 0.0 0.0 0.2 404.3 
424 0.0 0.0 0.0 0.0 0.0 0.0 0.0 0.0 0.0 0.1 398.5 
425 0.0 0.0 0.0 0.0 0.0 0.0 0.0 0.0 0.0 0.1 411.1 
426 0.0 0.0 0.0 0.0 0.0 0.0 0.0 0.0 0.0 0.0 403.5 
427 0.0 0.0 0.0 0.0 0.0 0.0 0.0 0.0 0.0 0.0 402.9 
428 0.0 0.0 0.0 0.0 0.0 0.0 0.0 0.0 0.0 0.0 397.2 
429 0.0 0.0 0.0 0.0 0.0 0.0 0.0 0.0 0.0 0.0 396.9 
430 0.0 0.0 0.0 0.0 0.0 0.0 0.0 0.0 0.0 0.0 399.8 
431 0.0 0.0 0.0 0.0 0.0 0.0 0.0 0.0 0.0 0.0 395.1 
432 0.0 0.0 0.0 0.0 0.0 0.0 0.0 0.0 0.0 0.0 393.7 
433 0.0 0.0 0.0 0.0 0.0 0.0 0.0 0.0 0.0 0.0 395.1 
434 0.0 0.0 0.0 0.0 0.0 0.0 0.0 0.0 0.0 0.0 391.5 
435 0.0 0.0 0.0 0.0 0.0 0.0 0.0 0.0 0.0 0.0 386.8 
436 0.0 0.0 0.0 0.0 0.0 0.0 0.0 0.0 0.0 0.0 384.2 
437 0.0 0.0 0.0 0.0 0.0 0.0 0.0 0.0 0.0 0.0 385.7 
438 0.0 0.0 0.0 0.0 0.0 0.0 0.0 0.0 0.0 0.0 379.0 
439 0.0 0.0 0.0 0.0 0.0 0.0 0.0 0.0 0.0 0.0 389.9 
440 0.0 0.0 0.0 0.0 0.0 0.0 0.0 0.0 0.0 0.0 377.4 
441 0.0 0.0 0.0 0.0 0.0 0.0 0.0 0.0 0.0 0.0 385.8 
442 0.0 0.0 0.0 0.0 0.0 0.0 0.0 0.0 0.0 0.0 368.0 
443 0.0 0.0 0.0 0.0 0.0 0.0 0.0 0.0 0.0 0.0 381.4 
444 0.0 0.0 0.0 0.0 0.0 0.0 0.0 0.0 0.0 0.0 372.7 
445 0.0 0.0 0.0 0.0 0.0 0.0 0.0 0.0 0.0 0.0 372.3 
446 0.0 0.0 0.0 0.0 0.0 0.0 0.0 0.0 0.0 0.0 369.1 
447 0.0 0.0 0.0 0.0 0.0 0.0 0.0 0.0 0.0 0.0 361.3 
448 0.0 0.0 0.0 0.0 0.0 0.0 0.0 0.0 0.0 0.0 366.2 
449 0.0 0.0 0.0 0.0 0.0 0.0 0.0 0.0 0.0 0.0 356.4 
450 0.0 0.0 0.0 0.0 0.0 0.0 0.0 0.0 0.0 0.0 360.6 
451 0.0 0.0 0.0 0.0 0.0 0.0 0.0 0.0 0.0 0.0 353.2 
452 0.0 0.0 0.0 0.0 0.0 0.0 0.0 0.0 0.0 0.0 361.1 
453 0.0 0.0 0.0 0.0 0.0 0.0 0.0 0.0 0.0 0.0 355.0 
454 0.0 0.0 0.0 0.0 0.0 0.0 0.0 0.0 0.0 0.0 350.9 
455 0.0 0.0 0.0 0.0 0.0 0.0 0.0 0.0 0.0 0.0 349.1 
456 0.0 0.0 0.0 0.0 0.0 0.0 0.0 0.0 0.0 0.0 337.2 
457 0.0 0.0 0.0 0.0 0.0 0.0 0.0 0.0 0.0 0.0 331.3 
458 0.0 0.0 0.0 0.0 0.0 0.0 0.0 0.0 0.0 0.0 333.5 
459 0.0 0.0 0.0 0.0 0.0 0.0 0.0 0.0 0.0 0.0 330.8 
460 0.0 0.0 0.0 0.0 0.0 0.0 0.0 0.0 0.0 0.0 323.8 
461 0.0 0.0 0.0 0.0 0.0 0.0 0.0 0.0 0.0 0.0 318.6 
462 0.0 0.0 0.0 0.0 0.0 0.0 0.0 0.0 0.0 0.0 311.1 
463 0.0 0.0 0.0 0.0 0.0 0.0 0.0 0.0 0.0 0.0 301.5 
464 0.0 0.0 0.0 0.0 0.0 0.0 0.0 0.0 0.0 0.0 294.5 
465 0.0 0.0 0.0 0.0 0.0 0.0 0.0 0.0 0.0 0.0 294.3 
466 0.0 0.0 0.0 0.0 0.0 0.0 0.0 0.0 0.0 0.0 295.6 
467 0.0 0.0 0.0 0.0 0.0 0.0 0.0 0.0 0.0 0.0 279.4 
468 0.0 0.0 0.0 0.0 0.0 0.0 0.0 0.0 0.0 0.0 277.0 
469 0.0 0.0 0.0 0.0 0.0 0.0 0.0 0.0 0.0 0.0 253.6 
470 0.0 0.0 0.0 0.0 0.0 0.0 0.0 0.0 0.0 0.0 259.3 
471 0.0 0.0 0.0 0.0 0.0 0.0 0.0 0.0 0.0 0.0 237.6 
472 0.0 0.0 0.0 0.0 0.0 0.0 0.0 0.0 0.0 0.0 229.0 
473 0.0 0.0 0.0 0.0 0.0 0.0 0.0 0.0 0.0 0.0 210.4 
474 0.0 0.0 0.0 0.0 0.0 0.0 0.0 0.0 0.0 0.0 194.0 
475 0.0 0.0 0.0 0.0 0.0 0.0 0.0 0.0 0.0 0.0 182.6 
476 0.0 0.0 0.0 0.0 0.0 0.0 0.0 0.0 0.0 0.0 160.7 
477 0.0 0.0 0.0 0.0 0.0 0.0 0.0 0.0 0.0 0.0 132.7 
478 0.0 0.0 0.0 0.0 0.0 0.0 0.0 0.0 0.0 0.0 105.8 
479 0.0 0.0 0.0 0.0 0.0 0.0 0.0 0.0 0.0 0.0 81.2 
480 0.0 0.0 0.0 0.0 0.0 0.0 0.0 0.0 0.0 0.0 57.8 
481 0.0 0.0 0.0 0.0 0.0 0.0 0.0 0.0 0.0 0.0 36.9 
482 0.0 0.0 0.0 0.0 0.0 0.0 0.0 0.0 0.0 0.0 17.9 
483 0.0 0.0 0.0 0.0 0.0 0.0 0.0 0.0 0.0 0.0 12.1 
484 0.0 0.0 0.0 0.0 0.0 0.0 0.0 0.0 0.0 0.0 5.2 
485 0.0 0.0 0.0 0.0 0.0 0.0 0.0 0.0 0.0 0.0 2.1 
486 0.0 0.0 0.0 0.0 0.0 0.0 0.0 0.0 0.0 0.0 1.2 
487 0.0 0.0 0.0 0.0 0.0 0.0 0.0 0.0 0.0 0.0 0.6 
488 0.0 0.0 0.0 0.0 0.0 0.0 0.0 0.0 0.0 0.0 0.0 
489 0.0 0.0 0.0 0.0 0.0 0.0 0.0 0.0 0.0 0.0 0.0 
490 0.0 0.0 0.0 0.0 0.0 0.0 0.0 0.0 0.0 0.0 0.1 
491 0.0 0.0 0.0 0.0 0.0 0.0 0.0 0.0 0.0 0.0 0.0 
492 0.0 0.0 0.0 0.0 0.0 0.0 0.0 0.0 0.0 0.0 0.0 
493 0.0 0.0 0.0 0.0 0.0 0.0 0.0 0.0 0.0 0.0 0.0 
494 0.0 0.0 0.0 0.0 0.0 0.0 0.0 0.0 0.0 0.0 0.0 
495 0.0 0.0 0.0 0.0 0.0 0.0 0.0 0.0 0.0 0.0 0.0 
496 0.0 0.0 0.0 0.0 0.0 0.0 0.0 0.0 0.0 0.0 0.0 
497 0.0 0.0 0.0 0.0 0.0 0.0 0.0 0.0 0.0 0.0 0.0 
498 0.0 0.0 0.0 0.0 0.0 0.0 0.0 0.0 0.0 0.0 0.0 
499 0.0 0.0 0.0 0.0 0.0 0.0 0.0 0.0 0.0 0.0 0.0 
