0 5.6 50.1 48.8 52.1 45.5 45.8 53.2 46.4 51.9 52.6 48.0 
1 8.4 89.3 102.5 90.9 96.8 86.7 96.1 91.8 97.9 96.5 90.3 
2 10.0 82.2 87.9 85.4 84.1 84.1 95.4 83.2 91.2 91.7 82.6 
3 10.0 73.2 85.9 79.1 81.0 84.0 84.9 77.3 88.9 85.2 81.5 
4 10.8 73.2 80.4 77.7 79.6 78.9 78.1 73.5 77.0 78.7 76.6 
5 8.2 67.3 72.0 70.8 76.2 71.4 73.2 72.2 73.0 73.5 67.0 
6 10.6 66.9 74.1 65.1 69.3 72.7 64.8 67.4 69.0 72.4 65.6 
7 11.3 59.0 67.6 65.3 66.7 64.0 62.4 62.8 65.9 63.6 66.1 
8 10.1 62.8 62.3 65.6 64.8 61.4 61.2 62.6 60.1 63.9 62.2 
9 10.0 57.6 61.8 56.2 61.0 57.8 60.1 59.2 62.7 63.9 62.1 
10 10.0 53.4 58.6 61.7 62.2 61.4 59.2 64.9 60.0 59.4 51.3 
11 10.2 59.9 57.7 52.9 55.7 59.3 55.8 56.5 59.4 62.0 55.7 
12 7.7 56.2 59.8 57.7 56.2 57.9 54.0 53.8 59.2 60.8 53.0 
13 8.4 51.9 57.4 58.2 56.9 55.0 51.2 54.9 54.1 56.0 57.2 
14 9.0 53.7 54.3 56.1 53.6 54.4 55.8 54.0 53.1 57.5 53.0 
15 10.4 56.9 51.7 52.8 52.4 54.2 53.2 53.1 50.1 58.5 52.5 
16 10.7 59.3 57.3 53.2 55.6 57.8 52.5 53.1 52.2 61.2 55.3 
17 9.7 54.0 55.1 54.9 55.3 54.1 54.5 52.7 56.0 57.7 51.1 
18 7.4 57.5 53.0 58.1 55.2 53.9 49.1 52.6 56.0 55.0 54.8 
19 8.3 58.4 55.3 56.0 50.4 56.2 53.8 51.8 54.3 56.7 55.0 
20 9.2 60.0 54.8 56.6 52.9 60.0 51.4 55.8 50.2 55.1 50.8 
21 8.1 58.1 57.5 57.7 50.7 54.9 50.6 55.4 52.8 56.4 53.8 
22 7.9 53.3 55.7 57.0 54.7 57.8 53.6 54.0 52.7 56.2 54.9 
23 9.8 52.4 51.5 55.7 48.0 54.1 54.5 53.6 54.9 55.4 53.8 
24 9.8 50.7 51.7 51.0 56.3 55.9 53.6 47.4 50.9 55.8 51.1 
25 8.6 53.8 51.4 55.4 53.8 57.3 55.1 56.0 56.0 56.0 56.4 
26 9.3 49.8 50.0 56.3 53.2 54.1 53.2 51.7 51.2 56.5 52.9 
27 9.1 54.2 56.5 57.2 52.6 53.0 55.7 53.6 58.3 61.3 48.8 
28 8.2 51.5 51.4 55.9 52.2 57.9 55.3 56.9 57.6 58.2 51.7 
29 8.8 52.5 50.7 56.7 53.4 55.5 53.5 54.7 54.9 54.6 51.2 
30 10.5 49.9 52.4 53.1 52.2 54.0 47.1 55.8 55.2 58.1 50.2 
31 8.0 54.4 54.1 53.0 51.7 53.4 52.2 58.4 53.2 56.7 51.7 
32 9.5 53.8 50.8 52.8 51.7 53.1 55.2 54.2 51.0 58.1 52.7 
33 10.7 49.9 53.6 56.9 49.1 55.8 58.7 60.0 55.5 54.4 55.4 
34 9.1 51.2 50.9 54.5 53.1 51.2 55.6 59.6 56.9 53.7 48.3 
35 9.6 53.7 53.5 55.2 56.1 50.8 55.7 58.7 56.0 52.1 49.6 
36 9.7 44.3 56.7 55.6 49.1 56.0 52.9 55.7 58.2 53.4 54.1 
37 9.6 47.9 57.1 58.0 55.3 54.9 47.5 54.6 57.9 53.3 51.7 
38 6.8 49.6 52.0 58.9 52.2 51.1 58.0 54.5 54.4 57.6 54.2 
39 10.0 47.1 53.6 56.0 54.0 56.7 55.4 57.5 54.5 56.9 54.4 
40 9.2 49.4 52.8 53.3 51.4 51.5 59.1 58.1 56.3 57.5 55.2 
41 10.3 48.6 55.2 56.9 51.8 52.5 60.3 52.8 53.5 56.3 54.8 
42 9.1 47.3 53.0 59.0 52.8 49.1 54.1 57.9 48.8 55.2 53.8 
43 10.7 51.5 53.9 54.6 55.2 49.6 56.9 58.9 59.6 58.0 56.7 
44 10.8 47.8 53.3 59.1 50.3 56.6 47.9 55.6 55.3 53.6 52.0 
45 9.7 53.9 54.8 56.0 53.8 53.7 56.6 56.7 54.7 54.1 50.7 
46 11.3 42.6 53.8 58.2 51.9 56.6 49.1 56.0 56.2 60.0 54.1 
47 8.5 49.5 55.5 58.4 59.8 52.9 52.6 57.7 56.4 55.4 54.1 
48 9.3 48.3 55.5 52.8 58.7 57.7 56.9 54.0 57.4 56.0 52.5 
49 10.7 45.6 54.1 54.9 54.9 52.1 52.2 54.1 55.7 50.9 55.1 
50 8.1 50.3 51.5 61.4 54.9 53.6 59.4 58.5 54.8 53.7 59.3 
51 8.4 46.7 55.4 52.6 52.5 52.7 54.3 54.0 51.9 56.9 56.1 
52 9.1 44.2 51.8 55.7 55.4 51.2 59.3 56.0 53.5 56.2 58.4 
53 8.2 43.8 51.8 53.2 54.9 53.3 53.3 53.3 57.8 56.2 56.2 
54 9.1 45.6 55.0 56.8 56.0 54.9 55.8 55.8 54.6 54.9 56.1 
55 7.8 43.1 51.2 55.7 54.6 52.5 55.9 60.5 57.9 54.4 54.5 
56 10.5 41.2 54.5 55.3 57.2 53.8 55.1 57.0 54.8 52.2 61.4 
57 9.1 41.4 54.2 55.5 56.1 52.3 54.3 57.4 62.7 54.2 58.6 
58 9.4 46.2 52.2 54.9 55.3 49.2 52.7 61.0 59.4 55.4 58.8 
59 8.9 47.4 53.1 55.8 53.9 51.9 56.2 58.0 63.7 52.8 56.4 
60 10.9 47.1 52.9 56.2 51.9 52.3 56.9 56.2 57.5 56.8 59.5 
61 8.5 46.7 54.4 57.3 56.8 55.2 54.7 58.1 59.7 55.1 59.8 
62 9.7 42.7 49.6 58.0 56.5 54.0 49.6 57.2 54.7 52.5 58.0 
63 10.6 45.0 51.8 55.5 54.3 47.4 53.0 54.9 61.3 58.1 57.2 
64 7.1 41.8 51.2 54.7 54.3 55.8 57.3 58.1 61.7 52.8 56.0 
65 8.5 41.5 54.4 55.2 56.6 53.3 54.2 53.6 62.5 55.1 54.6 
66 9.2 40.8 51.9 58.6 56.6 52.0 51.7 53.4 61.8 58.8 56.3 
67 9.3 40.6 49.1 56.8 54.9 53.2 54.2 55.1 55.8 53.1 57.6 
68 9.5 43.3 48.1 55.1 57.3 51.5 52.5 53.8 59.1 58.2 60.1 
69 9.3 45.8 51.9 55.8 57.1 53.1 57.9 56.5 61.8 54.5 63.2 
70 8.0 42.0 53.2 55.2 57.6 50.5 53.3 56.5 58.7 57.1 55.6 
71 11.2 38.8 49.6 58.4 54.0 51.5 52.5 53.5 59.0 59.1 59.7 
72 8.2 42.5 51.9 54.5 53.6 53.5 53.8 50.5 61.4 63.6 56.8 
73 9.6 43.5 48.9 57.5 54.2 54.4 56.1 56.5 60.2 57.0 60.9 
74 9.0 40.5 50.5 55.7 55.0 51.7 50.1 54.9 59.6 55.6 61.8 
75 9.4 44.1 48.4 57.6 54.7 55.3 51.1 52.3 60.9 58.2 60.9 
76 8.7 37.8 44.2 56.3 55.9 54.8 53.7 51.4 59.9 57.4 56.5 
77 7.7 40.2 52.9 57.9 56.1 52.1 55.4 57.3 58.3 60.5 59.9 
78 10.6 39.9 50.2 62.1 56.6 52.9 52.1 57.2 57.5 57.5 59.7 
79 8.9 43.6 50.7 60.0 59.3 55.4 57.6 55.1 59.3 57.2 58.0 
80 9.3 39.0 44.6 55.6 56.4 54.1 54.3 59.9 59.4 56.4 54.4 
81 9.2 37.1 48.9 55.5 59.8 54.9 57.4 53.9 60.8 57.4 55.0 
82 9.6 39.6 46.3 57.0 60.4 55.4 54.3 56.1 59.8 54.7 54.6 
83 7.8 37.9 46.3 55.7 59.9 57.5 52.9 57.9 59.4 61.1 61.9 
84 10.1 35.3 45.6 55.2 57.1 54.6 53.9 60.7 61.1 58.9 57.1 
85 9.4 37.5 44.6 55.9 55.4 57.9 53.8 59.0 59.4 58.7 57.7 
86 8.5 31.8 50.9 57.1 58.7 55.4 57.8 57.5 60.5 61.6 56.1 
87 9.1 37.0 49.7 56.1 60.0 56.1 60.1 56.4 54.1 58.2 57.9 
88 8.1 33.0 46.7 52.8 60.0 54.5 56.2 57.4 55.0 60.4 61.1 
89 8.4 33.0 46.1 61.3 59.7 54.3 56.8 57.8 56.2 60.5 58.5 
90 8.5 31.6 45.3 57.9 60.6 55.0 62.0 60.2 55.9 58.8 56.3 
91 10.4 32.7 49.9 58.8 56.6 55.3 59.6 53.9 56.5 55.2 59.8 
92 8.9 31.9 49.8 55.4 60.1 56.8 54.9 59.0 56.5 60.3 59.6 
93 9.4 33.5 44.1 55.7 58.1 58.0 54.4 60.3 53.6 58.2 57.9 
94 7.4 30.3 52.7 54.9 62.5 53.1 59.6 57.3 55.2 60.8 64.7 
95 8.7 32.5 47.5 55.7 59.1 57.4 55.9 59.6 54.4 58.3 63.7 
96 10.4 28.2 45.2 54.8 57.1 54.9 55.0 58.5 58.4 58.6 60.8 
97 9.0 30.3 48.0 60.3 61.1 61.6 56.5 61.4 54.9 60.5 59.3 
98 8.0 28.5 49.5 54.9 56.6 55.9 53.1 60.9 54.7 60.7 65.7 
99 10.0 26.6 49.2 56.5 56.1 63.5 49.1 54.9 55.8 60.3 63.0 
100 8.8 27.3 48.1 58.1 62.2 56.6 58.5 58.9 62.4 60.8 64.3 
101 10.3 24.2 47.4 52.5 56.9 58.6 53.5 58.4 55.6 61.7 64.8 
102 8.2 25.8 47.2 56.4 54.4 61.4 55.1 59.5 58.0 64.5 65.2 
103 8.7 23.7 49.9 57.3 55.6 61.1 52.0 58.8 59.9 58.5 67.7 
104 8.3 26.2 52.3 58.4 58.2 53.1 52.4 56.1 58.6 62.8 65.9 
105 8.2 24.0 48.2 54.5 57.8 58.3 56.5 60.0 59.8 60.6 62.0 
106 7.6 29.0 48.1 55.4 57.7 56.3 57.9 56.3 61.6 62.8 60.0 
107 8.4 22.5 49.8 52.7 55.4 60.1 58.8 55.9 62.8 60.3 59.2 
108 9.9 24.4 49.1 53.9 56.5 58.1 56.3 62.5 55.0 62.5 60.8 
109 11.3 21.8 51.0 52.2 54.3 58.7 55.0 59.7 56.1 63.7 64.6 
110 9.5 24.2 51.4 55.2 56.7 62.6 56.9 63.0 61.9 62.3 61.6 
111 9.5 22.7 50.6 55.2 53.5 58.3 57.4 61.2 62.8 62.0 68.0 
112 9.9 22.6 49.0 53.9 54.8 59.5 63.2 61.5 58.5 64.2 58.6 
113 7.9 22.0 50.0 55.9 53.6 57.8 58.3 61.1 59.4 63.3 60.9 
114 9.0 22.6 52.0 53.0 56.3 60.9 54.2 63.1 57.1 63.9 59.7 
115 8.5 21.2 46.9 57.8 56.6 62.2 56.5 59.3 61.6 59.6 59.2 
116 9.6 22.3 42.1 54.2 58.1 60.0 64.1 63.5 54.6 62.3 58.1 
117 9.6 20.3 46.3 53.8 58.6 64.1 60.1 62.5 57.3 58.1 61.1 
118 9.5 20.5 47.2 56.8 56.1 56.6 58.1 65.9 58.7 65.1 57.6 
119 9.0 19.3 45.4 54.6 57.5 59.5 56.2 67.5 57.7 59.6 63.9 
120 8.3 18.9 47.5 51.4 58.6 59.1 63.0 66.0 55.1 60.7 57.8 
121 8.7 16.1 44.5 55.6 60.9 59.5 58.9 59.8 61.5 63.7 63.4 
122 11.1 18.1 44.4 54.8 60.9 59.8 60.9 65.0 55.5 62.6 62.8 
123 8.9 16.9 43.8 56.3 61.7 56.9 60.1 65.5 56.5 60.1 59.1 
124 9.1 17.0 43.5 60.4 56.0 55.9 55.0 63.3 60.6 61.0 65.2 
125 9.3 14.5 46.3 56.4 63.0 60.7 59.5 62.6 56.4 65.4 60.6 
126 8.2 15.9 43.8 57.2 61.2 57.5 64.2 63.0 56.5 60.4 59.3 
127 7.7 16.6 44.8 53.3 59.2 61.7 57.3 67.1 57.3 64.5 62.0 
128 8.4 16.8 42.8 59.0 60.6 54.0 59.4 63.9 57.7 64.0 64.8 
129 9.7 13.9 44.7 54.6 62.5 56.4 59.6 65.7 55.2 59.6 63.1 
130 9.8 10.9 44.9 59.7 61.1 58.8 61.1 65.2 60.9 68.6 61.8 
131 10.3 12.1 42.9 54.5 61.5 58.4 60.1 60.2 58.4 68.7 62.1 
132 9.5 12.6 44.1 52.0 57.8 60.9 62.4 61.7 65.6 63.7 65.2 
133 8.3 13.8 40.3 57.7 53.6 57.3 61.4 63.6 60.6 65.2 64.0 
134 8.3 12.3 47.4 49.8 57.6 57.5 58.2 68.2 59.4 60.9 63.2 
135 7.5 12.2 37.9 56.5 55.9 55.0 58.4 60.7 62.9 67.5 65.7 
136 9.4 13.1 41.3 55.4 63.9 61.0 61.5 62.2 62.2 65.8 64.8 
137 8.3 11.2 42.6 55.2 63.5 60.6 57.9 64.9 60.0 64.7 63.5 
138 8.6 11.2 46.7 54.4 59.1 59.6 58.0 64.4 58.6 62.4 64.3 
139 9.1 11.9 40.9 51.1 60.9 64.3 59.1 60.1 64.8 64.0 57.4 
140 9.2 8.1 38.5 52.3 56.5 59.6 58.5 60.3 63.9 65.6 63.0 
141 7.8 10.6 42.0 52.2 61.4 60.9 59.4 64.7 65.3 66.9 65.2 
142 8.2 11.2 42.2 55.2 57.3 57.2 60.4 61.7 65.2 63.8 63.6 
143 8.9 9.7 42.5 54.3 60.1 62.1 57.3 64.3 66.4 68.8 66.5 
144 9.1 9.3 37.2 50.8 57.6 62.6 63.0 59.3 63.6 64.8 62.6 
145 8.1 10.2 41.3 56.8 60.5 60.8 62.8 63.4 60.1 62.3 60.9 
146 9.7 7.8 39.2 52.4 60.6 64.0 71.1 64.9 61.8 68.4 63.3 
147 9.4 11.7 36.4 54.2 63.6 61.9 66.6 66.7 66.0 67.9 67.7 
148 8.0 9.6 36.8 55.2 59.2 60.2 62.2 64.8 62.9 70.6 66.5 
149 9.5 10.8 38.2 49.8 58.4 62.1 63.6 63.2 64.6 64.5 62.5 
150 9.1 8.8 38.7 57.5 61.0 58.4 66.7 57.6 61.8 61.7 66.2 
151 7.7 9.1 36.1 51.5 62.6 58.8 59.4 64.8 58.9 64.8 65.3 
152 8.3 10.2 32.0 53.5 63.9 65.5 63.6 66.2 68.3 64.4 69.2 
153 9.5 8.9 37.1 58.1 57.5 59.1 64.4 61.6 59.6 62.2 68.8 
154 9.6 9.2 32.9 53.2 64.0 60.5 60.5 63.6 64.0 67.0 62.0 
155 10.2 9.0 31.6 54.9 59.8 58.3 62.1 62.3 63.4 66.5 66.4 
156 8.5 8.1 33.0 53.3 62.4 66.3 62.9 63.4 63.1 67.3 63.9 
157 9.4 8.1 29.7 52.9 54.4 66.0 64.1 65.2 64.2 65.4 69.8 
158 9.2 7.6 29.8 55.1 59.6 64.6 62.6 63.8 69.2 68.7 67.6 
159 8.7 7.8 31.2 48.4 58.5 65.7 68.2 62.9 65.0 66.1 69.1 
160 8.9 9.5 33.0 49.9 62.1 63.4 64.4 61.3 68.2 68.0 63.1 
161 8.7 9.2 30.9 50.3 58.9 55.7 70.4 63.4 66.7 69.4 66.6 
162 9.2 9.2 28.7 46.2 53.1 62.3 70.0 65.8 66.2 69.9 61.2 
163 10.9 9.4 29.4 45.8 62.6 58.3 65.8 65.7 69.5 72.6 67.4 
164 8.8 8.9 27.3 48.4 53.6 61.6 62.5 64.7 69.2 65.7 65.1 
165 7.5 9.4 30.3 47.4 55.8 62.5 72.7 63.6 63.2 76.0 64.1 
166 10.2 10.1 30.2 50.2 53.4 61.7 63.6 62.6 68.6 71.1 73.3 
167 9.6 8.8 30.6 47.0 55.4 61.2 64.7 62.3 64.2 67.8 65.5 
168 8.9 7.7 30.3 46.8 54.9 59.7 70.4 62.0 72.9 71.9 66.5 
169 7.6 9.9 28.8 49.8 58.8 67.9 67.2 67.2 71.2 64.9 66.8 
170 9.6 10.3 27.6 48.3 56.1 59.3 61.4 60.1 68.1 69.0 72.2 
171 8.6 7.4 32.0 48.0 56.7 60.6 64.0 65.4 68.0 72.4 71.9 
172 9.9 8.9 27.9 48.7 54.5 62.4 65.5 66.1 69.6 69.8 73.2 
173 8.9 9.1 29.3 49.9 54.8 60.6 64.8 64.5 75.4 69.8 67.7 
174 9.2 9.6 27.7 47.4 57.1 58.8 63.0 60.8 71.5 66.0 67.6 
175 10.8 9.4 29.8 44.0 53.0 65.2 61.7 69.4 73.3 67.6 73.1 
176 7.5 9.8 26.2 45.6 49.5 62.9 66.2 65.8 75.2 68.7 70.3 
177 8.5 9.4 26.0 50.1 49.9 64.8 60.1 65.7 76.9 62.4 67.9 
178 8.6 7.9 29.5 47.3 55.7 63.1 65.4 71.0 72.8 65.5 74.8 
179 8.6 7.3 27.2 48.6 52.8 64.0 64.4 68.7 69.7 69.1 73.0 
180 9.8 9.6 28.4 47.0 57.5 59.2 70.9 65.5 71.2 68.1 73.5 
181 7.8 10.9 26.8 44.6 57.0 65.0 67.6 66.3 72.7 67.8 73.4 
182 8.2 9.4 23.8 47.3 55.5 62.2 63.4 67.0 70.5 67.0 71.7 
183 8.1 8.4 21.9 46.1 56.9 65.1 63.9 69.6 73.8 62.1 73.8 
184 9.8 9.0 24.3 45.8 53.6 62.0 67.9 68.3 73.2 61.8 73.4 
185 8.8 9.6 23.4 41.9 54.1 64.9 66.3 62.2 72.5 64.7 73.2 
186 8.9 8.4 25.6 41.6 58.6 67.8 67.2 70.5 73.0 66.0 74.1 
187 9.3 7.9 20.7 45.6 53.3 62.9 64.4 61.0 74.8 68.4 75.6 
188 8.7 8.6 19.1 46.2 54.8 61.5 68.0 66.8 75.8 67.8 73.3 
189 8.0 10.1 23.3 39.3 56.4 63.4 69.2 67.7 70.6 68.6 74.4 
190 8.7 9.5 21.4 42.3 52.8 63.4 68.2 65.0 66.0 70.1 74.9 
191 10.4 8.8 18.9 44.4 53.7 65.3 67.8 65.6 73.1 73.5 74.4 
192 8.7 8.2 20.9 41.1 56.9 67.4 68.6 66.7 75.1 69.2 76.4 
193 8.6 8.2 19.5 38.3 52.4 67.6 68.5 67.5 75.5 68.4 73.3 
194 9.2 9.3 17.1 41.7 52.3 61.9 69.4 69.7 71.3 69.9 73.9 
195 9.7 7.1 19.5 38.4 53.1 66.5 64.9 70.8 72.9 67.8 74.9 
196 8.5 8.9 18.8 39.2 52.9 68.0 66.7 71.6 72.4 68.3 75.6 
197 7.7 9.5 16.7 39.0 55.2 67.1 68.0 72.1 71.7 69.2 79.6 
198 9.4 8.1 19.0 38.6 53.0 61.8 70.4 68.1 74.0 72.6 75.8 
199 9.9 10.3 16.7 37.8 50.1 61.3 67.0 76.2 72.9 68.4 72.7 
200 7.5 8.6 19.0 39.6 55.6 62.3 67.2 71.6 76.6 70.6 75.6 
201 8.5 7.8 20.6 37.6 55.1 60.8 64.8 68.9 78.6 70.7 73.6 
202 9.9 10.0 14.9 40.2 50.9 62.4 64.4 73.5 75.2 69.2 75.8 
203 11.2 8.4 18.0 38.5 56.1 63.1 67.6 68.6 81.9 70.6 74.7 
204 10.0 8.2 16.6 39.8 50.3 67.4 68.9 71.9 76.8 77.8 77.7 
205 10.6 8.4 14.2 34.1 53.1 61.6 64.4 70.5 73.1 67.6 80.8 
206 8.7 9.6 17.5 40.0 55.6 60.4 66.2 68.6 76.9 69.0 73.6 
207 9.4 8.5 16.9 38.3 48.9 62.8 66.4 73.0 75.0 74.6 76.7 
208 8.6 10.3 14.5 37.3 56.1 71.0 65.4 73.7 74.9 73.7 81.5 
209 7.3 8.2 15.1 39.4 53.3 67.9 69.1 71.9 71.8 75.3 73.1 
210 9.4 10.4 14.8 38.3 56.1 62.8 70.6 70.3 75.0 75.5 76.4 
211 9.6 8.2 12.8 34.5 48.9 63.4 62.6 77.0 78.8 74.2 74.4 
212 10.2 8.8 15.6 36.0 55.5 61.9 64.2 71.9 78.9 74.0 71.2 
213 10.3 10.4 13.8 34.8 51.0 68.9 68.4 72.6 74.5 77.4 75.6 
214 10.3 9.8 11.9 37.7 45.8 63.0 66.7 70.0 81.6 75.1 77.0 
215 8.0 8.0 12.8 33.3 48.1 62.4 62.9 75.0 77.9 70.5 81.7 
216 8.9 8.3 12.8 36.4 51.3 65.8 62.6 75.0 78.9 75.7 73.6 
217 9.5 8.1 11.8 34.1 46.0 63.2 67.1 72.5 79.2 85.1 80.6 
218 6.9 7.1 11.2 36.5 45.4 60.4 71.6 69.8 77.6 71.5 80.9 
219 9.0 7.1 15.1 33.4 48.8 66.6 70.7 73.6 81.5 76.3 82.5 
220 8.7 9.0 11.9 33.0 47.2 58.7 67.3 73.7 79.4 76.8 80.3 
221 8.8 9.3 11.7 35.2 52.8 64.6 68.8 70.3 75.0 74.2 83.2 
222 8.8 8.2 10.0 32.4 49.2 60.7 66.2 71.8 83.3 73.9 76.4 
223 11.0 9.4 12.2 32.3 47.7 61.1 66.3 71.8 77.2 76.7 79.3 
224 9.3 8.1 8.6 37.0 48.1 60.4 66.5 68.2 76.5 73.8 80.5 
225 7.8 11.1 9.9 31.8 48.1 60.0 65.8 69.3 80.1 80.9 75.5 
226 9.3 9.8 9.4 31.4 47.4 59.8 70.6 75.7 78.9 77.0 76.9 
227 8.1 6.9 9.7 32.0 51.0 67.1 64.5 76.9 78.1 81.4 81.0 
228 9.7 9.7 10.3 32.5 45.6 61.9 72.3 76.6 80.4 86.8 78.8 
229 7.8 8.4 9.4 32.0 46.8 59.0 64.8 73.3 77.2 85.3 82.5 
230 9.1 7.8 8.8 29.2 52.7 56.2 70.4 80.3 78.7 78.1 80.8 
231 10.7 7.7 9.7 27.7 50.3 60.8 63.9 74.9 78.8 82.2 81.5 
232 11.1 7.9 9.5 30.5 46.5 61.1 70.1 78.6 81.7 81.0 84.8 
233 8.8 9.7 9.1 28.9 48.4 56.2 73.2 79.2 76.0 88.8 78.7 
234 9.7 8.6 10.5 32.3 51.1 58.2 72.7 74.4 78.6 81.0 84.1 
235 8.3 9.1 8.5 31.6 48.5 64.7 69.5 67.3 78.9 80.5 82.7 
236 8.5 9.3 8.2 28.5 45.3 59.2 70.7 75.2 76.0 84.1 84.0 
237 8.3 7.4 8.7 25.2 47.4 62.4 71.7 78.6 76.3 85.3 89.0 
238 9.9 8.4 10.3 24.4 50.2 62.1 70.4 72.1 72.5 77.9 87.3 
239 8.4 8.7 10.2 24.8 44.6 59.5 75.4 72.4 79.1 77.1 83.2 
240 9.1 8.8 9.2 26.3 48.6 64.2 69.8 77.6 79.4 81.4 87.9 
241 7.2 10.4 9.2 25.6 43.3 61.1 71.8 72.1 74.2 79.9 86.4 
242 9.5 10.2 9.5 22.9 46.9 54.9 69.4 77.9 79.7 77.2 89.0 
243 9.3 9.7 8.6 26.0 46.9 64.8 74.9 69.5 77.5 85.9 88.5 
244 8.1 9.9 8.8 28.9 45.1 61.6 72.7 69.5 78.4 83.1 86.2 
245 9.6 8.6 10.0 27.3 40.6 59.6 69.1 75.2 79.5 84.6 85.6 
246 7.3 10.5 7.9 22.8 44.0 57.1 70.3 76.8 78.4 82.1 90.5 
247 9.8 9.4 8.4 22.8 43.3 61.3 74.5 71.9 75.8 82.7 86.5 
248 9.9 8.9 9.5 22.8 44.3 63.6 77.5 74.9 82.8 83.5 84.7 
249 8.1 8.3 9.6 23.6 47.5 60.3 68.2 78.9 78.7 81.0 88.3 
250 9.9 9.6 10.0 21.8 44.0 61.7 72.3 75.3 87.2 79.6 86.5 
251 8.9 8.8 8.1 20.5 44.6 56.5 70.6 75.6 82.6 84.4 91.3 
252 9.1 8.9 9.0 19.7 44.3 62.9 69.8 78.0 84.1 79.7 91.8 
253 7.9 9.2 8.5 19.7 47.2 60.3 69.3 84.1 82.1 83.7 91.2 
254 9.3 9.2 8.5 17.8 44.0 62.0 70.8 80.2 73.8 85.8 88.4 
255 7.9 5.9 8.4 20.1 42.2 58.0 68.2 75.5 80.7 83.1 88.5 
256 8.3 11.3 8.5 19.9 44.9 55.1 63.4 77.5 83.6 82.0 91.1 
257 9.5 8.2 11.7 18.6 37.0 60.9 69.0 79.2 85.6 84.4 87.9 
258 9.6 9.9 9.1 17.9 39.1 53.8 69.5 82.1 87.0 84.7 86.7 
259 9.5 10.5 10.3 17.3 37.2 62.3 72.3 80.5 86.5 86.9 94.1 
260 10.2 9.4 7.8 18.5 36.8 56.6 68.8 79.4 86.2 86.2 85.9 
261 10.5 8.9 9.8 17.1 34.1 57.7 69.3 85.8 86.2 84.9 93.3 
262 8.8 10.2 8.2 19.5 36.4 58.4 68.1 80.8 85.6 88.0 88.1 
263 8.5 9.2 9.4 16.7 38.7 55.6 70.7 75.7 81.3 86.3 87.3 
264 9.6 8.5 9.0 15.2 36.9 61.7 68.0 72.0 86.3 91.3 95.8 
265 9.0 7.8 9.0 16.9 31.5 56.4 68.8 78.0 86.9 90.4 93.6 
266 8.3 9.9 8.6 14.0 38.5 57.1 70.3 75.6 84.9 85.4 83.3 
267 10.8 9.8 9.1 13.4 39.0 63.7 65.9 77.5 83.2 93.2 92.3 
268 8.5 9.5 7.8 16.4 36.6 59.7 69.5 79.1 87.8 91.2 94.5 
269 10.6 10.6 8.9 13.3 31.1 58.4 68.5 81.5 83.9 91.4 100.2 
270 9.4 8.8 7.5 13.5 32.8 59.0 65.0 83.4 85.0 92.8 98.3 
271 9.3 9.6 8.1 12.0 35.1 58.5 66.2 72.4 85.9 94.5 93.1 
272 8.9 8.7 8.6 11.0 33.1 55.5 69.9 75.3 80.2 91.5 96.5 
273 7.9 9.1 7.7 12.7 33.3 56.8 66.9 76.1 87.5 96.0 97.4 
274 8.9 7.3 10.1 13.2 32.2 58.8 64.6 80.6 86.9 89.5 93.8 
275 8.4 8.4 10.0 11.7 31.8 54.7 67.5 75.9 90.9 97.8 94.9 
276 11.2 10.1 10.7 12.4 33.2 53.1 68.8 81.9 87.6 91.7 97.9 
277 8.5 9.9 8.4 9.7 31.1 56.6 64.6 80.4 87.7 96.1 96.3 
278 7.4 9.9 10.2 11.8 33.0 52.6 62.0 77.9 86.2 94.7 96.4 
279 8.4 8.6 9.1 10.9 30.2 55.9 63.3 81.7 91.4 93.5 101.3 
280 8.0 9.2 8.6 11.4 27.2 53.1 65.1 83.9 87.9 93.7 93.7 
281 9.2 9.0 7.7 11.0 28.6 54.2 68.5 80.4 94.1 93.1 96.4 
282 9.4 10.1 9.3 9.7 27.2 51.3 66.7 85.6 90.9 96.7 97.3 
283 10.3 9.7 8.3 11.4 29.6 52.2 71.1 87.1 87.5 97.2 97.7 
284 9.4 9.6 8.8 9.4 30.0 51.1 62.8 85.6 89.5 90.6 98.7 
285 9.2 8.0 9.5 9.5 26.4 50.1 66.5 85.0 95.2 90.1 94.2 
286 8.5 10.2 8.7 9.0 30.9 52.8 64.5 81.8 95.3 91.0 101.9 
287 9.9 8.7 9.8 8.3 25.1 47.5 66.3 83.3 89.7 94.3 102.6 
288 9.3 9.9 9.2 10.9 28.5 53.9 66.5 81.9 95.6 100.7 105.3 
289 9.9 10.4 8.6 9.4 25.1 51.0 64.5 82.8 93.0 100.6 102.7 
290 8.1 9.0 9.0 9.8 24.1 47.4 63.6 83.7 89.4 98.6 107.3 
291 10.4 9.9 8.9 7.8 22.5 46.1 68.0 80.4 91.6 103.6 103.0 
292 9.0 8.9 8.6 10.3 24.6 44.9 64.7 78.2 84.8 95.4 103.3 
293 7.2 9.4 9.5 8.6 25.5 49.6 65.6 78.7 97.3 96.0 107.6 
294 10.0 9.0 7.8 8.7 24.2 43.8 61.0 84.2 87.2 107.0 103.5 
295 9.2 7.9 7.6 8.3 24.3 45.2 67.3 79.5 93.1 102.9 111.2 
296 8.6 8.7 9.8 9.3 22.7 45.4 63.1 80.3 93.6 101.6 106.7 
297 7.3 8.1 9.3 9.0 20.2 44.8 59.7 80.6 97.5 105.0 103.3 
298 7.6 7.8 9.9 8.9 22.5 43.0 67.7 78.6 90.2 106.5 106.9 
299 10.2 10.5 8.5 8.6 17.8 44.1 64.5 84.4 89.7 103.8 108.1 
300 8.3 9.5 9.5 9.8 22.3 44.8 68.4 79.5 90.9 97.2 106.2 
301 9.8 9.1 9.6 9.8 20.8 47.5 66.2 77.4 89.6 106.4 112.6 
302 7.9 8.1 9.7 9.1 18.0 43.0 65.2 77.9 94.6 101.5 110.2 
303 8.4 11.7 8.8 10.4 18.9 44.3 68.9 79.4 90.2 102.6 113.9 
304 11.0 10.2 9.9 9.1 19.6 41.9 67.8 80.7 91.0 100.7 109.6 
305 8.0 8.5 10.2 8.0 19.6 42.0 66.9 77.3 97.8 101.8 108.7 
306 9.0 8.8 9.1 9.1 17.6 44.0 67.2 78.3 99.2 98.4 111.4 
307 10.8 7.7 8.8 9.1 16.9 40.7 63.2 77.2 92.2 103.0 111.0 
308 6.7 9.6 8.7 9.9 16.2 41.2 62.4 77.5 94.3 107.4 107.9 
309 8.0 7.7 9.7 9.2 17.0 42.6 62.0 82.2 90.5 102.1 111.9 
310 8.3 9.8 8.1 11.1 16.4 40.3 63.9 78.7 92.4 101.7 117.4 
311 10.4 8.8 10.7 9.6 15.1 43.6 61.1 80.9 98.6 96.4 112.8 
312 9.5 8.3 10.2 10.6 16.2 39.0 67.7 81.1 96.8 108.6 121.1 
313 8.8 9.3 9.7 7.8 15.0 40.2 60.3 73.6 96.1 104.7 115.6 
314 10.3 8.4 9.1 8.5 14.5 39.7 63.2 79.4 97.0 106.3 120.2 
315 8.9 8.9 9.5 7.8 14.6 38.7 60.1 79.9 99.2 110.5 117.9 
316 8.5 8.5 8.9 9.1 12.9 36.7 58.6 79.4 97.9 110.2 119.5 
317 9.4 7.7 10.0 9.0 14.9 38.2 57.9 83.6 95.3 109.4 115.7 
318 10.0 9.7 8.4 8.1 11.4 35.2 61.9 80.6 103.9 111.2 115.4 
319 8.7 8.9 8.8 8.4 13.1 34.8 57.1 77.0 100.2 107.5 122.7 
320 10.5 7.6 8.3 7.3 14.1 35.1 56.8 80.5 96.1 107.1 120.1 
321 9.0 8.7 9.8 9.6 10.3 32.0 56.2 87.2 99.6 107.2 117.7 
322 8.1 10.7 9.2 10.2 12.9 32.2 58.8 83.6 100.1 108.6 119.4 
323 9.1 9.1 8.0 10.8 13.0 34.2 55.4 80.4 103.0 107.8 118.5 
324 9.3 9.7 8.6 9.9 11.6 32.1 57.3 81.0 96.3 113.2 127.2 
325 10.6 8.2 10.2 8.1 12.1 30.6 55.9 76.9 92.9 114.3 129.1 
326 9.3 8.9 8.4 9.0 10.8 27.1 52.9 83.1 95.5 115.6 122.2 
327 8.1 8.2 9.0 10.4 9.4 30.6 49.4 78.7 101.4 111.6 132.5 
328 7.8 7.4 9.4 9.9 11.2 30.3 54.3 76.7 98.0 112.3 129.5 
329 10.3 8.8 7.8 8.1 10.9 28.9 50.9 80.4 102.6 109.5 130.8 
330 8.1 7.0 9.7 8.0 10.8 25.2 52.1 77.2 98.5 105.8 135.4 
331 9.4 9.0 7.9 8.7 11.4 29.8 49.9 72.0 107.1 113.2 137.0 
332 9.5 9.0 8.7 8.7 11.1 24.2 54.5 76.8 93.6 111.4 135.5 
333 11.7 9.1 9.9 10.4 9.5 24.6 50.6 73.9 103.6 114.8 133.6 
334 9.5 9.7 11.2 9.3 8.7 29.6 49.5 80.5 94.8 116.3 139.2 
335 10.0 9.9 8.8 9.5 10.1 28.3 50.5 72.3 99.0 119.2 139.8 
336 9.5 9.2 9.4 7.5 8.4 23.0 52.9 73.6 96.6 115.6 137.3 
337 9.1 8.1 10.1 9.1 9.3 23.8 50.3 74.3 99.0 113.4 137.9 
338 8.8 8.4 10.1 8.5 9.7 25.8 45.4 71.4 103.0 120.2 139.1 
339 9.3 8.2 8.7 8.9 10.0 24.3 49.5 74.7 95.7 119.3 141.6 
340 8.8 12.4 8.7 8.9 8.5 22.3 49.9 74.1 100.8 120.5 143.3 
341 8.2 8.6 7.0 8.8 9.5 20.8 47.6 72.3 97.8 124.0 144.5 
342 7.7 9.6 8.2 9.5 8.5 18.9 49.3 69.9 98.9 121.3 148.1 
343 8.2 8.4 8.6 9.0 10.6 19.0 46.0 72.8 98.5 131.6 144.1 
344 8.5 8.6 6.9 10.1 9.1 20.6 42.4 75.1 95.3 128.4 144.7 
345 9.2 7.1 9.1 9.2 9.3 19.5 43.3 76.1 101.0 122.9 147.8 
346 8.2 9.4 10.4 8.8 8.8 17.0 42.6 69.0 101.8 122.0 147.6 
347 8.7 8.0 8.8 7.9 7.7 18.1 41.3 70.5 101.5 123.4 141.6 
348 9.9 9.2 7.9 10.6 9.8 19.6 39.8 81.1 98.5 120.3 148.4 
349 7.7 9.3 10.2 10.3 10.6 18.1 41.0 73.7 94.4 122.3 145.7 
350 9.5 8.8 9.2 8.3 6.5 16.8 40.5 68.6 98.9 127.0 149.2 
351 11.6 10.3 9.9 8.9 8.8 17.9 42.4 71.1 101.7 130.2 158.8 
352 10.5 9.7 7.7 7.6 10.3 17.2 37.2 71.6 93.0 126.0 155.4 
353 8.9 9.4 8.5 9.7 10.0 14.7 45.5 70.3 89.1 132.2 156.0 
354 10.2 9.0 10.1 8.1 8.7 13.8 36.9 66.3 94.4 130.9 160.4 
355 7.7 9.5 9.0 9.3 10.6 15.9 38.2 72.4 93.7 118.3 160.4 
356 9.5 8.1 8.8 8.5 10.6 14.5 39.3 64.4 95.9 130.8 159.1 
357 9.0 9.2 10.1 10.4 9.1 14.7 36.2 64.2 93.2 125.7 164.1 
358 8.6 7.8 9.3 10.3 9.3 12.8 35.6 72.3 97.3 119.9 161.5 
359 7.6 10.6 10.6 9.1 10.3 14.4 35.8 67.1 92.8 120.1 170.7 
360 8.9 9.8 10.0 9.0 10.6 11.6 35.3 69.3 92.1 128.4 165.8 
361 8.6 10.0 7.7 9.1 9.8 10.4 30.9 71.2 88.6 133.9 167.9 
362 9.9 9.5 10.5 9.1 8.6 11.1 31.8 67.0 89.4 127.3 172.1 
363 8.5 10.5 10.2 7.4 7.0 12.3 32.4 60.3 96.6 131.2 164.2 
364 8.6 8.3 8.9 7.9 11.3 10.6 35.4 63.1 90.4 132.1 171.2 
365 8.8 10.0 9.3 9.4 8.8 9.4 31.5 61.8 95.2 136.6 166.0 
366 9.1 8.4 7.7 11.1 9.1 11.5 31.7 62.6 98.8 140.0 171.1 
367 8.5 8.7 9.2 9.8 7.3 10.8 31.4 59.9 93.9 135.0 169.5 
368 8.8 7.9 11.2 10.7 10.2 8.1 25.7 61.2 93.3 135.5 172.1 
369 8.9 8.1 10.2 9.3 9.1 10.3 27.7 63.8 91.5 136.2 168.8 
370 8.4 9.5 10.0 10.7 10.5 10.2 26.2 61.8 90.3 140.1 170.3 
371 9.5 9.4 8.6 9.1 8.9 8.9 25.3 58.5 95.3 143.2 176.4 
372 10.2 9.8 12.2 9.2 9.3 9.4 25.9 59.5 94.9 138.1 176.2 
373 11.0 8.3 9.0 8.7 7.2 10.2 27.8 54.8 96.2 139.5 171.3 
374 9.0 10.0 9.1 8.9 9.2 10.8 25.3 56.7 87.8 136.9 180.3 
375 7.7 10.8 10.1 8.0 8.8 7.0 22.8 55.6 91.3 143.4 181.2 
376 8.1 10.4 9.1 8.0 9.2 10.7 24.2 57.1 90.8 143.7 182.1 
377 9.3 9.1 9.2 9.4 7.9 9.0 23.1 54.1 93.5 134.2 190.8 
378 9.3 8.9 8.6 9.4 8.3 10.4 20.5 51.6 85.3 142.0 186.4 
379 7.8 8.6 8.6 9.6 8.3 7.9 20.2 50.6 90.3 143.9 189.2 
380 9.9 8.4 8.1 9.2 8.6 9.4 24.2 50.4 89.6 148.5 193.9 
381 10.7 6.5 9.5 8.6 9.5 9.5 16.3 49.1 90.3 142.8 203.6 
382 9.6 7.8 8.0 8.5 9.5 6.8 19.3 49.7 90.1 148.0 189.1 
383 9.3 10.8 9.1 10.5 7.2 9.4 18.1 47.6 89.4 144.3 188.9 
384 9.8 8.4 8.8 10.4 10.6 10.2 19.7 46.8 90.5 139.8 192.3 
385 8.1 9.7 9.4 8.9 8.9 8.3 17.3 49.6 86.8 140.5 200.8 
386 9.1 9.9 8.6 10.8 10.9 8.6 14.4 45.5 85.4 136.8 202.4 
387 8.4 10.1 11.4 8.8 8.9 8.4 17.0 46.4 87.0 145.5 206.9 
388 9.4 9.6 11.2 9.6 7.9 10.0 16.9 43.1 92.1 141.5 198.0 
389 10.8 8.3 9.4 7.9 8.5 8.6 16.7 45.4 83.7 141.6 205.1 
390 9.2 8.0 9.7 8.4 7.6 7.4 16.0 42.9 89.6 142.0 210.1 
391 6.6 10.1 11.8 9.5 9.0 8.6 15.0 39.7 89.8 143.0 212.5 
392 8.3 9.9 8.8 9.0 9.7 7.0 13.3 42.4 87.0 136.9 211.3 
393 9.7 8.9 9.1 9.6 10.1 8.9 12.0 38.0 83.7 143.2 217.7 
394 9.8 9.3 9.0 9.7 8.4 8.8 13.3 34.1 82.6 141.8 214.1 
395 9.2 9.1 8.4 10.6 8.6 8.0 13.5 36.0 84.5 143.2 215.0 
396 9.4 9.4 8.5 10.4 7.6 9.1 12.4 38.6 79.7 145.2 222.8 
397 9.0 9.3 9.6 7.9 8.7 9.5 11.1 33.0 79.4 144.4 220.8 
398 9.6 8.8 9.9 10.6 10.2 8.1 8.6 37.4 76.8 147.4 230.5 
399 9.3 9.6 9.4 8.5 10.6 8.1 10.0 32.8 71.8 155.5 224.7 
400 9.9 8.5 8.2 8.2 9.2 10.0 9.8 31.4 74.9 149.5 233.6 
401 7.1 10.4 8.3 9.0 11.4 8.0 9.1 29.5 77.3 147.3 235.8 
402 9.3 8.3 9.9 9.8 9.3 9.3 8.6 29.1 71.3 144.2 231.9 
403 9.9 8.0 8.7 8.2 9.8 8.2 9.7 27.6 78.0 141.1 237.1 
404 8.8 8.3 7.0 8.2 9.2 11.0 8.1 29.0 71.9 147.8 240.3 
405 9.0 9.9 8.8 8.4 9.9 9.8 11.0 24.8 70.6 147.6 228.9 
406 9.5 8.6 8.8 8.3 10.0 8.8 9.5 24.8 68.8 141.2 250.2 
407 9.9 9.1 10.7 9.4 10.3 8.5 9.5 23.8 70.7 152.4 253.9 
408 9.8 8.8 9.4 11.6 8.9 9.1 8.7 22.4 71.0 140.3 240.8 
409 9.7 8.6 9.6 9.2 7.5 9.5 9.5 25.0 65.1 141.8 246.6 
410 10.4 9.1 8.5 9.5 7.8 8.5 9.8 25.3 64.7 142.9 248.0 
411 10.1 8.2 9.1 7.3 9.1 8.8 11.4 21.6 71.3 137.3 257.1 
412 9.9 9.1 9.5 8.7 6.6 9.1 9.2 21.3 63.6 141.0 246.3 
413 10.0 10.1 8.7 10.1 9.6 7.2 9.6 23.5 66.2 142.5 261.9 
414 9.6 9.9 9.1 8.0 9.3 8.7 7.9 17.5 64.2 138.6 265.5 
415 7.0 8.8 9.2 10.2 10.5 7.7 8.2 18.0 64.0 134.6 268.9 
416 8.7 8.9 8.2 8.9 8.2 9.1 9.5 18.9 64.0 130.1 259.8 
417 9.2 9.7 9.5 10.4 9.8 10.5 9.6 16.7 63.4 143.6 266.6 
418 9.9 8.1 8.9 8.2 8.4 8.8 6.7 14.0 61.8 133.8 274.3 
419 8.1 9.6 8.5 8.4 9.9 8.4 9.7 16.2 53.7 133.5 275.3 
420 7.5 10.0 10.1 8.2 10.9 7.4 9.4 13.6 52.1 133.7 282.4 
421 9.5 10.3 10.8 8.9 11.0 10.8 9.1 14.4 52.1 136.8 286.4 
422 8.6 10.4 8.8 9.8 8.4 9.3 8.2 13.7 52.9 134.2 281.8 
423 7.8 10.6 7.1 9.8 8.8 9.8 8.4 11.8 51.3 136.4 283.2 
424 8.6 8.8 9.1 8.5 9.4 10.3 8.7 10.4 47.1 129.4 283.8 
425 8.8 8.9 9.8 8.7 9.5 10.0 9.5 11.5 45.0 135.7 289.9 
426 8.3 8.7 7.9 9.2 9.8 10.3 10.3 11.3 47.7 138.3 307.8 
427 11.2 9.0 7.4 9.2 7.9 10.1 8.3 9.6 42.8 132.5 302.9 
428 7.5 10.5 8.4 7.7 8.7 8.7 10.3 9.7 39.3 131.6 296.0 
429 9.6 9.2 8.9 9.4 7.6 9.6 9.2 10.9 42.7 130.4 307.3 
430 9.9 10.4 10.1 8.7 9.2 10.3 10.4 9.8 41.4 125.8 308.4 
431 8.3 9.1 7.8 7.4 10.0 9.4 9.5 9.0 36.0 120.2 311.3 
432 9.6 8.4 8.3 8.9 9.6 9.9 8.1 9.3 34.5 126.3 314.2 
433 8.8 7.0 7.9 9.4 9.1 8.9 7.5 9.9 33.4 116.0 314.6 
434 9.8 7.9 10.0 8.7 8.3 9.6 9.6 9.0 32.0 119.9 316.5 
435 10.1 10.6 9.5 9.7 9.8 8.2 8.9 7.9 28.5 117.9 329.2 
436 7.7 9.0 8.6 7.1 10.8 8.9 8.1 8.4 33.1 123.2 326.1 
437 7.5 9.2 10.1 7.6 8.8 9.0 9.1 9.2 31.6 111.3 336.6 
438 8.8 8.0 9.9 11.7 8.8 8.5 8.2 9.1 29.0 115.1 336.2 
439 10.2 9.2 7.1 9.0 7.8 8.5 8.3 9.3 25.7 112.9 331.3 
440 9.7 8.8 9.9 10.5 8.0 9.5 10.1 10.3 22.7 107.6 341.9 
441 9.7 9.6 8.9 9.4 7.4 10.2 8.4 9.2 23.9 105.8 334.1 
442 9.1 9.0 8.1 10.1 8.8 9.2 8.6 8.8 19.2 102.3 352.5 
443 9.6 9.1 9.4 10.0 8.1 10.1 8.4 10.1 20.0 99.7 349.3 
444 10.6 8.2 8.7 9.1 10.1 9.3 8.3 9.6 16.8 103.0 363.5 
445 9.0 9.4 10.4 6.2 9.2 8.9 8.2 8.6 15.4 96.7 356.9 
446 9.0 9.7 9.5 9.3 10.4 7.8 9.3 11.1 14.8 83.8 368.4 
447 9.7 10.0 9.1 10.7 9.4 8.4 8.5 9.2 15.0 86.6 371.7 
448 8.1 10.2 9.0 8.3 9.8 10.4 10.6 7.6 14.0 88.0 377.5 
449 8.1 9.8 8.3 7.8 8.2 7.7 9.8 10.4 13.7 83.3 378.6 
450 9.4 9.5 7.6 10.5 9.1 9.6 8.8 8.7 11.5 75.3 382.1 
451 9.7 9.5 8.5 8.3 7.8 8.7 9.4 9.4 12.4 74.8 384.4 
452 9.5 9.0 9.3 8.5 9.5 8.9 8.4 10.8 9.6 65.5 382.0 
453 7.7 9.3 8.8 9.9 9.0 7.8 10.1 7.4 10.3 70.4 391.7 
454 8.4 10.3 8.8 9.3 7.8 7.7 7.8 7.5 9.2 66.5 404.0 
455 10.4 9.5 9.3 9.0 8.2 10.3 9.0 9.0 11.3 58.8 399.0 
456 9.1 9.4 8.8 10.4 8.5 10.3 9.7 8.6 8.4 54.5 395.8 
457 10.4 9.0 8.8 9.4 9.3 8.9 9.4 9.3 10.5 55.4 407.2 
458 8.6 7.9 9.3 10.3 9.9 8.7 10.7 8.9 8.8 53.5 409.1 
459 9.1 8.9 8.7 7.8 7.1 8.3 7.5 9.5 9.7 49.8 413.1 
460 10.0 9.6 10.2 10.2 9.6 8.8 8.7 9.3 9.0 43.0 399.7 
461 9.4 8.1 6.5 9.5 10.4 9.1 10.1 8.7 11.5 41.4 429.5 
462 8.1 10.0 10.6 9.8 8.8 9.7 9.2 7.0 9.1 40.4 423.0 
463 8.4 8.1 9.1 8.2 10.1 9.3 9.2 8.1 8.9 39.5 424.5 
464 10.0 9.5 10.1 9.3 9.5 8.6 9.4 8.3 7.5 33.5 422.4 
465 10.2 9.9 8.3 10.9 9.1 9.1 10.1 9.1 8.4 30.8 420.4 
466 9.2 9.0 10.3 8.1 9.2 7.9 9.3 10.4 8.8 29.1 425.4 
467 7.1 8.3 9.6 8.4 8.7 8.9 9.7 8.8 7.2 24.6 439.3 
468 7.4 9.9 8.6 10.3 10.8 9.3 7.7 9.7 10.6 21.8 440.4 
469 9.4 10.4 8.1 9.3 10.9 9.7 7.8 9.1 9.8 21.1 436.8 
470 7.4 9.9 9.6 9.8 8.4 8.1 8.6 9.0 11.1 18.0 431.3 
471 8.6 8.6 9.7 7.6 10.0 8.7 8.9 8.9 8.4 15.1 443.4 
472 8.4 10.4 7.5 9.4 8.4 8.6 9.0 9.9 10.9 15.6 439.7 
473 9.6 9.7 8.3 10.5 10.1 10.2 10.6 9.6 9.2 14.5 436.7 
474 9.0 8.4 8.3 8.9 9.1 8.7 8.7 10.5 8.9 14.1 443.6 
475 7.7 8.1 9.0 11.0 9.7 9.3 10.3 8.8 9.8 13.6 447.0 
476 8.5 8.7 10.0 7.5 8.1 8.8 7.5 8.9 8.3 11.5 447.6 
477 7.8 8.8 9.2 8.6 11.1 9.4 10.7 8.7 10.3 12.3 436.5 
478 11.1 9.3 9.4 8.3 7.2 10.3 10.9 9.5 6.5 11.4 440.6 
479 9.5 10.5 9.1 8.4 9.7 9.1 9.0 9.9 8.9 9.3 447.4 
480 8.2 9.4 9.5 8.8 8.8 10.0 10.8 8.0 8.2 9.0 434.2 
481 9.7 9.1 8.2 8.3 8.4 8.7 9.2 8.0 9.1 9.5 445.8 
482 11.9 9.1 9.5 9.0 7.9 7.2 9.8 10.7 10.4 9.9 432.9 
483 10.3 8.3 9.2 9.5 10.0 10.0 10.2 9.5 9.0 8.7 423.0 
484 10.2 9.0 8.7 9.1 10.2 10.1 9.6 7.6 9.0 9.2 432.8 
485 11.0 9.1 7.8 8.7 9.0 8.9 13.0 9.1 8.4 7.3 415.0 
486 9.4 8.7 8.8 8.7 9.5 8.2 8.2 9.1 8.8 8.0 406.3 
487 10.1 10.1 8.6 9.0 8.8 9.3 10.1 9.0 7.5 10.3 401.3 
488 9.7 9.0 9.5 10.6 9.3 9.5 7.4 10.0 11.3 10.0 375.1 
489 10.6 9.4 8.1 10.3 9.1 11.6 8.5 8.6 8.2 11.4 348.0 
490 8.5 7.6 9.6 8.8 8.5 8.7 9.5 9.2 9.1 9.5 300.1 
491 10.8 9.0 8.3 9.2 9.4 9.9 9.9 10.6 8.3 8.3 232.9 
492 8.1 8.7 8.8 8.8 8.5 9.4 8.8 10.2 8.9 7.0 195.5 
493 11.3 10.1 8.7 8.9 9.0 9.8 9.1 8.8 9.1 8.5 147.9 
494 9.0 7.8 8.1 10.6 10.4 9.2 8.9 8.7 9.0 8.7 113.9 
495 10.0 11.0 9.4 10.3 10.9 12.8 10.3 10.9 10.3 10.9 82.9 
496 7.3 10.0 9.9 9.9 10.6 11.2 9.1 10.0 9.4 8.9 68.3 
497 8.3 9.9 10.0 8.7 9.3 9.4 8.9 10.5 10.3 8.9 51.6 
498 8.9 9.7 9.5 9.5 10.0 7.9 9.8 8.8 10.9 10.2 43.7 
499 5.0 5.1 4.8 4.7 3.5 4.5 4.5 5.0 4.6 4.1 20.6 
