0 4.4 4.9 4.9 22.0 38.1 52.7 55.2 71.3 77.8 81.6 83.4 
1 10.5 9.1 10.5 44.8 74.4 101.9 113.3 126.0 150.7 151.6 156.2 
2 10.1 9.4 8.9 44.5 67.3 103.9 109.8 123.6 136.4 140.7 141.3 
3 9.1 11.2 10.3 42.0 62.9 97.2 95.3 110.7 129.1 136.0 132.3 
4 8.6 9.6 10.3 41.4 58.8 94.1 95.5 99.2 119.3 119.5 121.6 
5 8.0 8.7 8.0 40.2 58.3 91.7 81.3 99.1 108.0 116.2 114.7 
6 8.7 8.2 8.8 34.1 53.6 81.2 76.2 97.5 105.3 105.8 106.0 
7 9.8 9.8 10.3 36.5 55.0 72.5 77.9 87.5 97.1 100.4 107.9 
8 11.0 10.3 8.4 33.6 51.4 74.7 72.1 84.6 90.3 95.9 98.6 
9 9.0 10.2 7.8 32.5 50.9 67.4 70.4 80.3 88.4 89.5 87.9 
10 9.4 9.9 9.4 31.8 52.4 71.7 69.0 78.7 83.2 87.5 85.5 
11 9.2 9.4 8.1 33.4 47.3 64.4 67.3 76.7 84.1 88.2 84.4 
12 9.6 8.5 9.7 33.8 51.8 64.7 65.6 78.7 88.1 83.1 88.6 
13 10.1 8.4 8.4 34.7 48.9 66.6 69.5 76.7 81.7 85.2 79.5 
14 10.1 8.5 8.2 31.5 45.5 63.6 65.9 71.6 78.9 83.4 82.3 
15 9.7 8.6 13.2 32.6 48.1 61.2 64.7 70.8 80.9 84.6 78.6 
16 10.5 8.7 9.1 29.8 47.8 58.6 68.9 75.8 86.6 81.2 83.4 
17 7.9 10.0 7.3 29.5 48.8 65.4 67.1 74.9 82.5 86.4 83.4 
18 9.0 7.9 8.9 34.1 45.1 63.2 66.4 75.1 78.2 79.0 81.1 
19 8.9 10.4 8.9 33.7 47.7 61.3 69.8 71.2 76.7 87.0 78.5 
20 8.4 8.7 10.1 33.6 48.4 59.8 65.5 74.0 78.9 76.4 79.0 
21 9.0 10.6 9.5 30.4 44.5 65.6 69.7 70.5 78.8 84.0 76.1 
22 10.1 10.0 9.6 31.8 51.7 59.9 72.3 75.4 76.8 77.4 77.9 
23 7.7 9.8 8.5 32.5 46.5 64.5 66.4 68.1 77.5 89.1 77.2 
24 8.1 10.2 8.1 33.9 51.2 63.6 65.9 77.5 70.7 84.9 79.6 
25 9.4 11.2 11.5 32.3 47.7 64.7 65.9 76.4 78.2 89.7 77.8 
26 8.3 10.4 10.0 31.8 52.2 61.8 67.2 76.4 72.2 79.0 77.4 
27 7.7 9.5 8.6 29.3 51.7 64.6 68.1 73.2 72.9 77.8 79.6 
28 8.8 8.1 10.0 33.4 48.7 63.5 68.6 71.2 73.9 83.8 80.0 
29 9.6 9.9 8.8 36.3 52.3 60.3 76.9 67.7 75.0 86.3 79.9 
30 9.5 9.1 9.3 31.1 49.4 59.1 70.5 75.8 75.2 86.8 77.3 
31 8.8 9.7 8.8 32.2 50.3 59.4 67.4 71.9 71.5 83.3 75.8 
32 9.7 8.0 7.9 34.3 46.8 63.8 68.3 74.1 79.9 84.9 84.9 
33 6.9 9.2 9.8 31.4 51.3 68.0 70.2 68.3 74.4 81.0 75.4 
34 7.9 9.2 8.9 33.8 52.2 64.3 68.6 70.4 74.3 75.6 81.3 
35 8.6 10.6 9.1 31.5 51.7 62.8 67.1 73.1 72.5 82.7 79.1 
36 9.8 9.7 10.2 34.0 51.9 63.4 73.1 70.1 74.6 87.2 80.7 
37 9.5 8.9 8.4 31.4 52.1 61.9 66.5 69.6 72.7 80.8 78.6 
38 9.5 10.2 11.0 34.6 48.5 65.9 67.5 69.8 72.3 78.6 81.6 
39 8.4 9.6 10.0 30.7 52.3 61.8 69.5 68.4 73.7 81.8 81.2 
40 9.7 10.0 9.5 30.9 50.0 65.7 73.2 72.4 75.6 81.1 81.5 
41 10.5 9.3 9.1 32.1 51.5 63.2 68.4 75.3 74.6 83.5 76.3 
42 9.1 9.6 9.8 30.5 55.1 61.1 69.8 70.7 78.9 75.4 78.4 
43 8.6 10.2 8.6 31.6 57.2 61.7 70.1 68.8 74.1 76.7 84.2 
44 9.6 9.3 8.2 28.8 49.4 60.4 69.9 75.3 78.0 86.3 77.7 
45 8.2 9.9 11.2 31.2 50.7 63.0 66.8 68.0 68.7 80.5 82.8 
46 9.4 9.4 7.2 36.4 48.4 60.9 71.2 75.2 73.9 86.2 81.6 
47 7.6 9.5 8.0 31.5 45.8 58.1 67.8 71.9 73.8 82.0 83.3 
48 8.1 7.2 10.7 33.7 50.4 60.1 69.7 70.4 77.8 77.3 81.4 
49 7.9 7.7 9.0 30.5 47.2 68.1 68.5 72.4 75.5 79.0 85.2 
50 9.0 10.4 9.8 35.7 48.7 61.2 69.1 76.4 76.3 88.2 82.8 
51 10.0 8.4 7.8 33.2 48.3 57.4 67.0 68.9 71.3 80.8 81.2 
52 8.7 9.7 8.2 31.3 50.3 60.6 63.9 73.9 73.6 80.2 77.2 
53 9.6 8.5 10.2 32.3 44.9 62.6 71.9 73.4 74.9 74.9 82.5 
54 8.4 10.1 10.7 31.1 50.2 65.6 66.8 71.2 76.5 78.1 82.8 
55 8.0 11.4 10.7 33.6 50.4 63.3 72.1 72.5 77.6 77.9 79.9 
56 8.9 8.8 9.1 32.9 48.5 61.2 73.4 71.2 73.5 82.9 84.8 
57 8.2 8.5 9.2 33.0 52.1 63.5 68.3 75.5 76.7 75.5 85.4 
58 6.5 8.9 8.7 34.3 51.6 62.4 71.7 73.4 68.5 81.9 81.3 
59 8.7 10.2 9.9 33.7 49.8 63.3 69.8 74.6 77.9 80.2 83.0 
60 7.9 7.7 8.0 37.0 47.9 63.5 66.5 74.4 71.4 81.9 84.8 
61 9.7 9.1 9.6 31.0 47.8 60.4 65.6 77.1 70.7 76.0 85.7 
62 8.8 9.6 8.4 35.1 48.0 63.5 68.0 72.5 74.6 77.7 80.9 
63 8.2 8.9 9.4 31.5 47.0 65.0 67.8 73.7 76.7 72.8 81.5 
64 7.8 10.1 8.2 29.5 48.6 64.3 69.3 76.8 74.0 76.8 84.1 
65 9.5 10.0 10.6 31.4 48.9 57.8 67.2 74.6 75.2 73.7 85.3 
66 9.6 9.4 9.0 31.9 49.0 61.8 74.3 74.0 71.5 75.3 87.0 
67 10.6 9.5 8.0 35.8 52.2 62.9 73.4 72.7 72.1 80.0 86.0 
68 7.1 9.5 7.5 32.9 50.4 61.0 69.4 74.9 76.3 79.8 83.2 
69 11.7 9.0 8.6 32.9 50.7 61.6 71.0 75.4 78.6 78.4 78.6 
70 9.7 8.3 10.3 33.2 52.3 61.3 72.1 74.3 78.4 77.8 77.7 
71 9.4 8.5 10.5 30.6 49.1 60.4 71.2 71.1 76.7 85.0 76.1 
72 8.3 9.1 8.4 32.5 48.0 63.2 71.8 78.7 76.9 77.4 81.6 
73 8.6 7.3 7.4 31.8 52.0 64.2 69.3 69.2 78.2 73.3 78.7 
74 9.9 9.5 9.5 30.8 50.8 64.7 71.2 77.0 77.3 82.0 81.6 
75 7.7 7.3 11.2 32.9 51.7 64.8 69.1 73.4 76.3 83.2 79.8 
76 7.5 7.9 8.0 34.8 49.4 58.1 70.4 72.5 72.9 76.1 78.1 
77 8.2 9.8 8.1 33.7 51.2 63.3 69.2 75.6 77.1 75.7 78.5 
78 8.2 10.0 9.2 33.3 50.7 65.9 65.5 70.6 81.1 79.6 75.7 
79 9.1 9.0 8.8 32.6 53.8 56.6 64.2 71.6 73.5 77.2 77.1 
80 9.4 10.0 9.1 33.4 50.7 59.7 69.6 72.7 72.2 84.1 77.0 
81 10.2 9.9 10.1 29.7 52.0 58.4 69.2 72.2 73.2 83.2 80.2 
82 7.5 8.4 7.8 35.3 51.1 60.8 69.8 76.3 75.7 83.8 75.2 
83 8.4 8.3 9.3 30.4 52.9 62.8 66.3 68.7 74.8 81.6 79.2 
84 7.5 8.0 7.5 31.1 50.4 60.1 65.7 79.1 75.1 77.7 80.6 
85 8.5 7.6 9.6 34.0 53.5 66.8 67.3 75.7 77.5 83.5 78.6 
86 9.0 9.2 9.9 28.5 50.2 60.7 66.9 75.4 75.2 81.6 82.8 
87 8.3 8.8 9.9 30.3 52.7 63.6 70.0 75.4 77.4 78.8 78.7 
88 8.9 10.4 9.7 31.8 52.7 62.0 66.7 73.6 73.0 88.1 79.4 
89 11.2 8.4 8.2 30.7 49.2 65.2 68.6 75.6 76.9 81.7 79.6 
90 9.0 9.2 9.8 32.0 52.3 64.2 66.2 75.2 74.9 85.5 77.6 
91 9.0 9.3 9.1 30.5 49.6 60.0 66.4 77.3 79.7 82.2 79.1 
92 9.6 9.3 9.8 33.5 47.5 59.4 66.8 76.8 73.4 83.1 79.1 
93 10.3 9.0 10.3 35.6 49.1 61.1 63.8 76.5 70.2 84.7 77.3 
94 10.1 8.0 8.4 32.7 52.5 58.5 62.8 73.2 76.0 88.2 83.6 
95 8.5 10.2 9.4 31.8 51.4 60.6 59.7 75.7 77.4 80.6 81.0 
96 6.9 10.8 8.5 33.0 48.2 66.3 65.4 73.4 76.6 83.3 74.7 
97 7.7 10.3 9.5 31.7 50.6 61.5 67.9 74.6 76.6 81.5 80.0 
98 8.6 9.2 7.8 35.4 45.9 63.0 65.8 79.1 67.5 85.4 80.6 
99 9.9 8.7 11.9 34.4 47.1 63.9 64.2 79.1 74.3 82.3 81.4 
100 10.0 10.8 9.2 34.9 52.8 66.6 61.6 72.9 70.8 80.3 82.5 
101 10.4 6.8 9.3 34.1 51.9 61.8 69.4 75.1 75.3 78.9 81.4 
102 9.2 8.6 9.0 31.1 51.4 65.0 68.5 74.7 72.9 78.9 82.1 
103 10.0 8.8 9.0 34.3 48.4 62.1 62.6 74.3 73.8 85.8 81.3 
104 9.3 8.4 7.8 32.2 55.0 58.3 69.6 72.6 73.8 85.8 85.0 
105 8.6 9.3 9.8 35.7 50.0 60.3 68.6 70.9 69.9 82.9 85.1 
106 7.9 9.4 8.1 34.0 46.9 62.3 65.7 73.6 67.1 85.9 85.1 
107 9.8 9.5 8.4 31.0 50.4 62.9 66.0 74.3 73.0 76.8 86.0 
108 11.7 8.0 9.2 32.6 55.9 62.8 68.7 76.9 68.1 79.7 78.8 
109 8.5 7.0 9.7 32.6 47.1 68.0 69.9 72.0 70.0 75.9 84.9 
110 9.1 9.0 10.0 34.8 50.3 60.6 65.2 70.7 71.9 78.9 82.4 
111 8.3 8.5 7.2 33.9 54.8 65.3 68.5 71.4 73.7 76.5 78.6 
112 9.1 10.1 9.1 32.8 51.5 68.1 71.1 65.4 75.6 82.6 80.3 
113 8.6 9.9 8.6 31.4 52.9 65.0 69.6 72.6 74.8 82.7 87.8 
114 8.3 9.0 8.3 33.1 48.1 67.0 69.5 69.8 73.9 82.4 77.0 
115 8.5 8.9 10.7 32.7 51.1 64.1 69.1 69.6 71.5 83.5 81.6 
116 8.5 8.5 10.2 33.9 48.0 67.1 69.7 67.4 70.8 77.6 80.5 
117 9.2 9.2 8.2 35.4 48.2 65.6 70.7 71.5 76.1 78.0 79.7 
118 7.6 8.4 9.1 32.4 50.8 62.7 67.3 70.0 73.5 82.4 76.1 
119 8.5 9.2 8.6 33.6 50.0 64.5 65.7 74.0 76.0 77.7 76.9 
120 8.7 7.6 10.1 31.4 53.1 65.5 68.6 76.6 76.6 77.3 79.0 
121 8.6 8.5 10.2 34.7 51.2 60.4 70.0 75.0 73.2 81.4 82.5 
122 9.0 9.7 8.4 32.2 47.5 62.7 68.0 71.9 75.5 79.3 78.2 
123 7.9 9.2 8.4 31.1 51.6 65.3 61.3 76.5 77.3 84.0 77.6 
124 8.4 8.8 8.5 28.6 54.4 67.5 65.6 83.3 76.4 85.0 83.0 
125 9.1 9.7 7.6 34.1 46.3 59.9 65.4 72.4 73.1 85.4 78.0 
126 10.1 10.8 9.4 31.7 47.1 60.3 66.3 78.3 78.8 81.0 80.6 
127 8.8 8.6 9.7 34.4 53.4 58.0 68.7 79.4 76.4 83.7 80.3 
128 9.6 9.5 9.9 33.6 47.9 58.1 68.2 70.4 81.0 77.8 82.0 
129 10.7 9.1 10.3 33.1 53.2 61.6 73.2 77.0 75.5 79.5 73.4 
130 9.0 9.4 9.1 35.2 49.7 63.5 70.8 76.4 75.3 80.9 83.4 
131 8.7 8.1 8.4 33.9 53.8 56.1 67.6 67.7 81.1 77.2 74.1 
132 9.5 10.7 9.9 33.0 56.2 61.4 63.6 78.0 75.4 82.4 80.1 
133 9.3 10.7 8.1 31.5 50.2 58.7 67.6 72.5 79.1 80.3 79.6 
134 9.2 8.8 9.6 35.6 54.5 60.4 72.2 72.8 74.9 81.7 79.1 
135 9.2 7.9 9.8 30.2 51.6 63.6 63.4 75.2 70.5 81.2 75.8 
136 9.2 8.4 9.5 37.4 52.6 59.9 68.0 76.6 79.2 76.4 77.8 
137 9.2 8.5 8.8 29.9 55.0 61.8 72.3 76.6 72.8 76.7 78.0 
138 8.0 10.1 9.6 35.3 50.0 60.3 68.8 72.3 78.3 78.4 75.4 
139 8.7 8.5 8.2 35.2 51.1 63.1 68.9 77.0 77.1 78.2 74.2 
140 9.4 7.7 9.7 34.6 51.0 58.2 67.3 69.2 76.6 80.3 79.7 
141 10.3 9.1 9.5 35.5 53.8 56.2 67.4 70.1 75.9 73.7 78.6 
142 9.2 9.2 10.1 34.9 49.0 61.0 70.0 72.2 77.1 77.3 76.8 
143 9.8 9.7 10.1 35.5 50.7 59.2 69.4 70.1 81.6 82.8 78.2 
144 9.2 10.4 8.2 35.8 50.4 60.1 65.2 75.0 77.0 80.9 84.6 
145 9.3 9.0 8.3 36.2 50.6 64.0 71.9 70.9 71.0 75.7 78.3 
146 9.8 9.0 11.1 34.8 52.3 60.9 63.7 68.2 79.1 77.4 83.1 
147 8.7 8.7 9.2 35.2 53.4 64.3 69.0 71.7 79.5 78.3 79.4 
148 10.0 8.3 8.6 33.9 52.8 60.8 72.6 70.0 73.2 79.5 79.5 
149 7.3 7.4 10.9 31.9 47.5 68.2 68.6 71.1 77.3 77.0 76.5 
150 10.7 10.6 10.4 35.7 51.9 63.1 70.6 74.1 74.2 81.1 80.9 
151 9.2 9.4 9.0 35.3 53.7 62.3 70.6 73.5 75.3 85.1 80.0 
152 8.1 9.1 8.2 33.8 55.6 58.1 69.5 75.1 75.8 80.6 72.1 
153 10.3 8.8 9.7 32.9 50.1 64.9 75.2 69.0 75.4 80.8 77.5 
154 9.2 10.8 10.4 30.7 52.3 64.2 68.8 73.7 69.0 78.8 79.5 
155 8.4 9.2 8.0 30.7 52.4 63.3 68.9 66.4 74.9 84.9 74.4 
156 8.1 8.1 9.4 26.7 48.7 64.0 63.8 71.0 77.4 82.5 76.9 
157 9.4 9.6 8.2 32.4 57.1 66.5 72.5 69.9 75.6 80.3 77.7 
158 9.6 7.9 8.1 31.7 47.8 63.3 65.9 68.5 74.5 80.9 81.2 
159 10.5 9.9 10.0 31.8 53.5 63.5 67.8 69.6 78.2 76.7 78.6 
160 8.8 8.2 8.7 31.7 50.6 64.1 69.8 71.0 81.2 84.3 78.1 
161 10.1 8.5 8.2 32.1 53.2 67.6 69.3 69.9 76.8 82.0 84.2 
162 8.9 8.2 6.7 33.8 48.9 64.0 66.3 72.4 69.4 83.4 83.4 
163 10.1 8.1 9.0 36.1 51.7 62.9 66.0 73.4 74.6 78.4 86.2 
164 8.8 9.8 9.6 31.2 51.4 59.7 68.5 73.9 72.6 81.7 86.5 
165 8.6 10.2 8.0 28.0 52.0 60.8 65.0 70.5 72.5 79.8 81.3 
166 10.0 9.4 8.9 30.2 49.0 66.4 63.9 67.9 77.6 83.3 91.1 
167 10.3 11.0 9.3 32.4 50.8 58.4 66.5 69.6 76.3 78.7 86.4 
168 10.5 9.0 9.6 26.2 48.1 65.8 64.9 69.4 71.7 80.9 86.0 
169 7.7 8.3 9.3 31.2 53.9 65.5 65.0 69.0 74.6 78.7 83.2 
170 8.7 10.1 9.5 34.1 52.4 65.0 64.5 73.5 73.3 79.9 84.0 
171 10.2 7.4 9.8 29.2 54.5 64.0 68.3 71.5 71.9 80.7 84.5 
172 9.5 8.4 8.5 31.7 51.7 64.9 68.3 71.9 72.3 80.8 81.7 
173 8.6 8.6 9.0 29.8 55.0 62.2 69.9 71.8 73.6 85.5 79.4 
174 9.3 10.1 6.9 31.3 52.1 66.1 69.0 69.8 75.1 83.6 77.8 
175 8.9 9.5 8.8 32.3 53.1 63.5 66.6 76.2 72.9 82.0 77.5 
176 9.3 9.1 8.5 30.0 49.8 61.1 72.7 79.3 73.0 84.7 73.9 
177 9.5 8.1 8.4 33.6 51.1 59.9 63.6 67.7 74.6 82.3 78.2 
178 8.6 9.3 7.9 30.3 52.0 65.5 69.1 75.7 71.9 83.9 74.3 
179 9.1 8.7 10.0 28.7 49.7 65.5 72.6 73.4 76.7 82.0 81.8 
180 8.6 8.6 7.7 30.2 51.7 59.5 69.5 72.1 75.5 80.6 74.2 
181 8.3 8.3 9.0 31.4 51.7 61.8 72.1 76.6 79.0 77.2 80.2 
182 7.6 10.4 10.0 31.7 51.2 61.0 72.1 79.9 77.1 86.6 76.7 
183 9.9 9.3 9.5 33.1 47.8 65.5 71.7 74.4 74.6 77.5 75.4 
184 9.8 7.8 10.6 32.2 46.8 59.3 75.0 74.9 81.8 79.8 80.2 
185 8.7 8.7 8.1 35.4 49.6 62.7 70.3 75.6 78.1 81.0 74.2 
186 9.5 8.5 9.6 33.7 43.1 60.6 73.5 76.9 77.4 76.9 76.0 
187 9.8 7.8 8.6 36.3 47.0 63.1 71.7 78.8 76.7 77.1 78.5 
188 8.2 8.8 11.0 32.8 50.8 58.1 71.3 72.8 76.3 77.5 83.9 
189 9.6 8.1 10.6 32.1 46.9 61.1 71.9 77.2 79.0 77.9 78.9 
190 7.9 9.3 8.6 34.0 45.9 64.1 71.6 73.0 81.1 79.0 80.4 
191 9.5 9.0 10.4 34.7 46.5 63.7 72.3 71.7 76.5 74.4 81.3 
192 8.8 8.3 9.6 30.1 44.6 65.0 70.5 74.2 76.1 78.5 76.5 
193 9.3 7.0 8.8 35.0 44.9 60.9 72.8 75.9 75.2 78.9 81.8 
194 8.3 9.1 8.7 34.0 46.4 64.6 75.0 73.8 76.5 81.1 79.3 
195 8.7 9.4 9.6 31.2 48.3 63.6 69.5 73.4 79.7 76.6 80.8 
196 8.8 10.0 8.3 31.1 48.6 63.2 66.9 67.5 79.6 80.9 81.9 
197 10.6 8.6 8.3 30.4 47.8 64.1 68.5 75.9 74.0 75.6 75.2 
198 8.1 9.3 8.4 28.7 47.8 63.7 67.8 74.8 82.8 76.5 82.3 
199 10.5 8.3 7.7 34.6 50.9 61.0 69.0 71.3 75.7 77.6 84.1 
200 9.2 9.0 10.1 35.1 48.5 64.5 70.5 70.8 75.8 76.7 80.7 
201 10.0 10.8 9.0 31.9 50.6 67.4 65.4 76.4 74.7 81.5 79.2 
202 8.7 8.6 8.4 36.4 50.7 67.1 70.4 79.3 77.3 74.7 83.9 
203 10.7 9.1 8.0 38.4 45.9 64.2 68.9 74.5 78.1 80.6 81.1 
204 10.5 8.4 9.1 32.8 44.1 62.9 66.1 75.2 76.2 77.1 78.7 
205 10.0 10.2 9.6 32.8 45.8 68.1 69.4 75.0 78.6 79.2 80.0 
206 9.0 7.1 10.6 36.8 49.5 61.6 68.7 73.8 74.1 77.1 80.0 
207 9.2 8.7 10.0 33.1 49.0 61.9 65.8 73.2 74.4 79.7 75.8 
208 9.7 7.3 9.7 33.8 53.0 64.9 66.1 71.5 82.0 76.2 79.7 
209 7.9 8.7 8.4 31.4 54.0 63.0 66.6 72.1 81.2 75.4 81.8 
210 7.4 10.1 9.4 35.6 49.5 66.8 65.9 71.5 81.9 78.2 79.9 
211 9.9 9.4 8.9 32.1 50.1 66.7 66.1 78.5 78.8 73.9 80.6 
212 7.1 8.5 7.8 30.6 50.9 62.4 65.7 76.7 77.1 77.2 82.4 
213 8.8 7.7 8.5 33.5 52.1 65.7 65.0 73.4 73.6 76.6 79.5 
214 8.3 10.1 8.6 32.6 46.1 64.9 67.3 72.3 76.4 80.1 79.5 
215 9.6 9.4 9.0 34.2 51.6 68.8 68.4 78.3 74.1 80.8 80.2 
216 7.2 7.8 9.7 35.8 49.3 68.9 65.4 75.9 75.3 73.8 78.6 
217 9.4 8.1 8.7 35.8 48.5 65.3 64.4 75.6 77.4 77.3 80.1 
218 9.3 8.7 8.1 31.6 54.3 63.2 65.8 70.7 76.8 73.7 84.9 
219 6.9 7.9 8.9 32.3 50.9 64.9 70.0 79.3 78.2 77.0 76.7 
220 9.5 8.9 9.1 33.3 47.9 60.2 72.8 70.4 76.3 77.8 80.2 
221 9.6 8.5 8.3 32.6 52.9 62.9 74.8 73.3 75.7 80.0 75.8 
222 8.8 7.3 8.5 31.2 51.6 66.5 68.9 75.2 72.4 76.3 80.0 
223 9.1 8.0 8.0 31.3 47.0 65.2 68.5 80.5 69.4 83.7 81.3 
224 9.1 8.8 9.5 34.6 53.2 61.4 72.1 71.6 78.0 79.3 78.8 
225 10.7 9.1 7.8 32.6 53.3 65.1 69.0 70.7 77.5 77.4 80.5 
226 9.0 9.6 10.2 34.5 50.7 67.7 69.8 71.1 75.3 79.5 72.9 
227 9.3 10.7 9.7 33.7 46.7 61.9 68.8 72.8 69.3 81.6 78.0 
228 9.8 7.9 10.6 31.0 46.7 61.0 73.5 77.2 71.6 77.2 82.9 
229 8.2 10.0 8.0 33.3 50.5 65.0 63.8 75.0 69.6 74.5 79.7 
230 9.1 9.0 10.5 33.8 52.9 63.8 69.9 73.8 74.6 76.2 77.2 
231 7.9 8.5 8.2 31.5 47.9 60.6 72.3 72.1 73.8 81.0 79.8 
232 8.0 8.9 8.0 34.3 52.7 66.3 69.7 69.7 72.1 82.1 80.3 
233 8.9 11.4 7.8 33.4 53.1 60.0 71.2 74.1 72.5 79.9 79.5 
234 8.4 9.6 7.9 34.6 53.7 60.6 72.2 69.2 73.4 74.7 79.3 
235 7.4 9.8 9.8 34.9 52.0 62.0 69.6 71.1 76.0 78.7 78.4 
236 10.4 10.0 8.3 34.9 54.8 63.1 74.0 73.9 73.5 81.0 77.6 
237 8.2 9.4 8.5 32.7 50.1 58.4 73.4 72.9 76.4 78.6 81.4 
238 9.9 11.2 10.4 31.0 51.9 63.9 71.7 75.0 70.3 87.1 76.7 
239 9.9 9.8 8.5 31.2 51.9 60.7 68.5 71.0 69.3 79.8 83.3 
240 10.0 10.2 9.8 32.4 52.3 62.9 71.6 76.0 78.2 85.8 82.0 
241 8.8 8.8 8.2 34.3 48.0 59.6 68.3 75.8 70.4 83.6 80.7 
242 9.5 10.3 9.4 32.5 48.6 59.1 73.2 76.6 71.6 84.6 83.1 
243 10.1 8.7 9.2 31.2 49.6 58.5 71.7 75.7 71.6 81.9 79.9 
244 10.8 9.3 10.8 35.4 50.4 61.0 71.1 78.8 72.5 79.6 75.8 
245 8.8 10.3 8.0 33.6 50.4 58.3 68.7 75.7 70.9 82.8 77.6 
246 9.1 6.3 8.6 32.8 52.7 63.4 66.8 77.1 71.6 83.8 77.8 
247 8.2 9.0 10.0 33.2 50.7 60.3 68.7 79.5 77.3 79.5 76.4 
248 9.5 9.6 9.0 35.5 52.0 63.8 71.1 79.1 70.5 81.8 81.5 
249 10.5 7.7 8.8 34.5 50.4 58.9 69.7 75.9 76.7 83.4 75.8 
250 7.4 7.4 8.9 33.3 56.9 63.2 67.6 78.2 68.4 82.3 78.0 
251 8.1 9.0 10.3 34.1 56.4 65.9 62.9 78.3 73.2 79.7 78.0 
252 9.9 8.2 8.3 33.0 52.8 62.1 68.4 79.2 71.1 78.9 82.7 
253 9.6 9.6 7.9 30.8 47.3 59.5 65.8 77.6 74.4 82.8 80.3 
254 10.3 8.3 8.6 30.7 48.7 59.7 69.0 81.9 71.6 79.6 77.4 
255 8.6 9.9 8.5 34.0 48.6 61.5 66.8 81.0 70.1 82.4 81.4 
256 8.4 8.5 7.4 31.9 49.3 57.1 64.8 78.0 71.0 79.9 78.4 
257 8.6 9.5 9.1 33.3 48.4 62.2 70.2 79.2 72.5 77.5 82.7 
258 9.2 9.4 10.3 28.2 51.6 61.8 66.3 76.5 71.7 83.6 79.0 
259 8.9 9.0 9.4 31.4 50.2 64.0 63.3 78.9 77.0 77.5 79.0 
260 9.2 8.1 8.0 34.4 49.5 60.0 68.6 80.1 74.5 76.3 79.9 
261 7.8 6.5 9.6 29.5 49.4 62.7 66.3 81.5 73.4 85.3 81.7 
262 9.3 9.5 9.4 31.1 51.0 60.9 67.2 77.6 78.8 81.0 78.2 
263 9.5 9.2 9.2 30.0 49.7 62.7 68.6 78.1 73.5 75.1 82.6 
264 9.2 9.3 10.5 29.1 49.5 64.5 61.6 74.2 76.4 77.4 80.8 
265 7.5 8.7 9.6 30.8 51.3 57.5 69.9 74.7 74.8 79.2 77.6 
266 9.3 8.3 9.6 31.1 47.9 63.0 70.0 78.2 81.0 78.8 78.0 
267 8.6 8.7 6.8 30.8 48.4 65.5 68.5 75.0 78.7 82.7 77.5 
268 8.1 8.3 9.0 31.5 47.0 60.4 71.8 73.9 78.6 79.0 78.9 
269 8.7 7.7 8.4 33.3 48.1 64.5 70.6 79.4 74.9 80.5 84.0 
270 9.5 9.9 9.2 29.6 51.2 65.1 71.7 77.0 78.4 76.1 77.7 
271 8.6 9.0 10.3 28.1 46.1 59.1 68.4 72.7 80.4 80.1 77.0 
272 7.2 8.7 9.1 33.3 49.2 63.8 72.5 74.2 77.7 77.9 84.8 
273 10.4 9.9 8.8 31.8 45.5 63.9 72.9 71.7 80.2 81.7 79.6 
274 9.1 9.3 10.4 31.0 51.0 59.3 71.7 72.9 74.8 79.0 78.3 
275 9.7 8.9 10.5 32.1 49.3 62.0 74.2 73.5 75.8 75.3 82.0 
276 10.0 9.3 7.3 32.2 49.2 61.7 73.3 71.2 77.0 83.8 76.3 
277 10.0 10.6 7.8 31.7 57.6 63.8 71.1 76.3 70.9 79.7 79.6 
278 8.5 7.2 8.3 34.4 47.5 59.1 71.2 75.8 77.4 82.2 76.3 
279 8.3 8.8 8.4 33.2 47.3 59.1 76.6 69.1 74.0 85.7 83.1 
280 9.8 7.4 8.8 30.9 52.6 61.0 72.9 75.7 75.5 79.4 73.4 
281 8.9 10.6 10.6 35.3 48.9 59.7 69.1 74.4 70.9 79.3 78.8 
282 9.5 10.9 9.3 30.8 52.7 64.7 71.8 75.3 75.1 76.1 82.0 
283 9.5 8.8 9.7 32.6 49.7 58.0 73.4 68.7 70.9 79.3 80.8 
284 8.4 7.9 9.8 33.5 49.7 60.6 73.5 79.2 72.8 84.3 80.5 
285 10.2 8.1 8.9 30.1 51.6 60.8 72.4 70.8 71.7 79.2 80.8 
286 8.2 8.7 8.5 33.6 51.2 57.6 72.9 72.0 73.6 84.2 73.4 
287 9.8 8.0 11.3 32.3 56.5 60.8 71.9 74.0 76.1 76.5 78.4 
288 10.1 9.6 10.0 35.9 49.1 56.2 68.7 78.3 72.0 80.0 81.3 
289 10.8 10.4 8.8 34.0 50.2 54.5 70.1 77.7 75.5 75.3 80.4 
290 9.1 8.8 8.9 35.1 50.2 58.8 75.0 74.5 78.2 80.8 82.0 
291 8.3 8.4 9.4 31.0 50.2 62.0 74.5 69.5 80.5 79.8 76.8 
292 8.5 8.4 8.8 34.9 53.8 61.7 70.3 70.9 80.2 78.9 77.7 
293 8.6 9.9 9.0 36.4 56.8 58.8 69.9 73.9 73.2 79.8 75.5 
294 10.3 8.5 9.1 33.7 49.0 60.8 67.8 77.0 74.4 74.4 81.6 
295 10.0 10.2 8.7 32.4 50.8 59.0 68.9 69.9 75.9 77.3 74.7 
296 11.4 11.1 8.8 32.3 52.3 61.3 72.2 71.4 79.7 77.6 81.7 
297 9.8 9.1 10.7 33.8 52.4 58.1 66.0 73.7 80.6 80.9 77.4 
298 9.2 9.1 10.4 33.8 52.2 63.0 70.4 67.6 82.4 74.6 78.2 
299 7.5 8.5 9.2 30.7 53.1 59.8 66.1 74.8 82.5 72.6 79.4 
300 7.3 7.9 10.3 31.5 55.4 62.2 70.0 75.1 75.6 71.2 79.8 
301 8.7 10.1 10.5 36.6 51.3 64.3 70.7 66.7 78.9 72.9 80.4 
302 9.0 9.3 10.9 29.2 50.6 63.9 73.5 73.9 82.1 73.7 88.2 
303 10.2 8.1 8.1 35.4 49.8 59.4 66.5 71.3 80.4 73.1 88.6 
304 9.8 8.2 8.6 33.6 53.2 57.7 71.0 71.8 77.3 72.6 84.8 
305 8.6 10.7 9.7 37.1 54.6 59.9 66.8 68.1 77.0 73.7 83.7 
306 10.0 9.7 6.9 34.1 52.7 59.4 66.9 73.6 78.8 74.0 84.5 
307 7.4 8.6 8.5 35.2 51.3 60.1 67.0 67.0 79.2 72.7 82.6 
308 9.0 8.7 7.3 31.5 46.1 64.7 71.3 70.4 75.3 74.3 84.4 
309 9.2 9.3 9.1 35.4 52.7 60.8 73.5 66.8 78.6 76.0 84.9 
310 8.4 7.5 11.1 32.1 48.5 65.2 74.3 70.2 74.6 80.7 81.1 
311 9.2 8.8 10.2 36.4 48.4 61.9 73.2 71.9 76.7 71.5 80.8 
312 11.2 9.0 11.6 33.3 52.4 61.3 72.3 70.0 74.6 73.0 83.1 
313 12.0 9.8 9.1 31.9 52.9 64.8 70.9 68.7 72.9 79.5 77.4 
314 10.2 8.3 7.8 35.5 51.0 63.0 64.8 68.9 77.6 79.8 81.1 
315 9.6 9.5 10.0 33.1 52.9 64.4 69.4 71.5 78.6 80.9 83.6 
316 8.5 8.3 7.8 36.3 49.5 60.3 70.6 67.4 71.0 79.0 78.4 
317 8.1 8.0 9.4 33.5 51.1 64.1 71.0 71.9 74.5 78.1 81.0 
318 7.7 7.9 8.8 33.8 50.6 67.6 72.0 69.3 82.5 85.8 79.0 
319 9.3 8.7 9.2 34.0 48.5 60.8 67.3 70.8 73.6 78.9 80.3 
320 9.6 8.8 9.5 33.3 48.6 63.0 71.0 68.8 72.6 82.2 78.4 
321 9.4 9.4 9.6 35.3 52.7 59.4 67.1 74.6 73.6 79.2 75.9 
322 8.8 9.6 9.4 38.0 51.4 55.8 73.0 68.3 76.8 84.2 77.8 
323 9.1 9.8 10.4 34.0 48.4 59.8 69.5 73.5 71.7 84.2 81.8 
324 9.0 9.0 8.0 35.4 50.3 68.3 71.9 73.7 73.4 78.2 74.6 
325 10.5 9.0 10.7 32.3 51.6 60.7 75.2 67.2 74.1 79.6 78.0 
326 9.2 10.5 6.8 33.2 48.9 63.4 73.7 70.7 76.4 81.5 83.3 
327 8.0 8.6 9.4 34.1 48.7 68.9 72.3 74.1 71.7 77.1 80.4 
328 9.5 7.6 8.9 35.2 48.1 62.7 68.5 70.4 74.8 77.0 77.1 
329 9.2 9.1 7.8 36.1 53.4 67.1 66.6 72.5 74.6 76.6 80.1 
330 9.1 9.2 8.0 33.5 49.9 63.4 71.0 69.7 76.2 79.6 84.5 
331 7.9 9.6 8.4 33.4 55.0 63.6 68.0 71.5 75.8 78.7 79.5 
332 8.9 8.4 8.4 32.7 50.9 67.1 68.9 73.7 74.6 73.9 78.6 
333 7.8 8.6 7.9 34.9 55.4 64.2 70.6 74.6 78.4 82.3 74.1 
334 9.4 10.0 10.3 32.5 56.3 69.1 64.3 70.9 74.3 75.1 75.4 
335 10.3 10.0 10.4 37.5 52.8 62.2 68.3 70.0 73.3 81.9 75.3 
336 8.7 7.9 9.1 32.8 53.0 61.2 70.7 69.8 75.5 77.3 79.4 
337 9.3 6.2 8.6 34.0 50.5 68.7 66.8 74.9 80.4 85.8 81.7 
338 8.9 8.9 9.1 31.5 56.3 63.2 72.3 70.3 74.6 83.6 78.1 
339 10.9 8.3 9.0 32.6 49.8 65.8 65.8 76.8 73.6 81.5 73.3 
340 10.6 8.4 8.5 33.2 52.5 61.8 68.4 69.4 70.7 78.2 79.9 
341 9.9 9.6 9.2 33.0 55.3 62.0 70.3 74.1 70.5 77.9 75.8 
342 10.0 10.1 9.6 36.3 55.0 60.5 67.6 72.5 74.1 80.4 76.7 
343 9.1 8.6 8.2 32.5 56.1 61.7 70.1 76.8 73.3 80.9 76.2 
344 10.9 9.7 8.9 36.2 52.3 59.8 71.2 75.2 69.2 81.0 70.5 
345 10.4 7.5 11.2 33.8 50.3 61.0 74.2 80.3 75.1 80.0 76.2 
346 9.7 10.1 8.4 32.0 56.0 62.0 71.9 74.9 74.5 80.9 77.0 
347 7.9 8.6 7.8 28.7 52.0 57.2 68.2 74.0 73.3 80.0 76.1 
348 8.9 9.4 7.9 29.2 53.6 60.0 68.7 73.6 77.7 80.7 77.6 
349 11.4 8.9 7.3 31.5 52.7 60.9 72.3 76.3 71.4 83.6 80.6 
350 8.4 8.8 8.5 32.8 52.1 58.7 73.1 71.0 76.5 84.0 72.8 
351 8.3 7.3 9.7 31.5 49.0 61.7 70.2 73.5 78.6 76.2 74.2 
352 8.9 10.0 9.0 27.8 50.9 65.6 74.6 73.7 79.7 84.4 74.2 
353 8.4 9.4 9.5 33.1 47.6 67.6 68.7 75.4 78.2 78.9 77.8 
354 8.0 10.4 9.2 32.3 52.3 65.4 70.8 75.2 78.9 78.1 79.2 
355 9.5 9.7 9.0 32.3 53.7 67.5 74.8 74.0 82.9 80.8 69.8 
356 8.6 8.0 10.1 33.2 51.1 63.5 69.7 76.6 76.3 78.4 72.8 
357 9.4 9.0 8.7 32.0 47.3 64.8 74.1 74.1 78.0 78.2 81.2 
358 9.7 9.3 8.1 29.2 46.8 60.2 70.5 74.6 79.0 76.9 81.2 
359 9.7 12.4 9.3 31.2 51.9 69.6 69.4 71.2 79.2 79.0 75.9 
360 8.4 11.1 9.9 30.6 48.7 68.4 66.5 71.7 79.8 74.7 77.1 
361 9.2 10.6 10.4 29.6 53.9 64.8 69.2 71.8 75.4 74.0 79.7 
362 8.4 9.6 9.2 27.7 49.4 66.6 67.7 70.1 75.3 75.9 81.1 
363 10.6 10.9 9.6 31.8 49.2 67.6 65.8 72.5 78.3 73.8 71.6 
364 8.2 8.5 9.5 34.2 54.9 66.8 63.7 77.7 76.7 76.8 76.5 
365 9.0 10.6 9.6 33.1 51.0 68.2 65.8 73.6 78.6 77.1 80.1 
366 8.7 8.7 9.5 31.6 52.0 68.8 65.6 76.2 79.1 78.7 78.5 
367 8.6 9.1 8.9 32.8 50.4 67.9 65.8 65.8 77.7 82.0 80.0 
368 9.2 9.4 8.7 35.9 47.4 63.5 64.9 71.9 75.5 79.4 75.8 
369 9.0 7.5 8.5 37.3 47.8 62.8 65.5 67.9 78.9 83.5 76.0 
370 9.0 8.7 10.0 35.5 48.0 64.2 70.1 68.1 77.3 78.7 76.0 
371 8.9 8.6 8.8 33.3 44.6 64.0 67.8 72.0 76.9 86.6 77.1 
372 10.1 8.7 10.2 35.5 51.8 59.1 67.9 75.2 81.6 86.4 78.1 
373 8.5 8.2 9.4 33.1 47.7 62.7 64.1 75.5 76.6 86.2 80.4 
374 8.8 9.6 9.7 31.7 53.2 62.9 67.0 67.8 79.2 86.0 76.1 
375 10.2 9.0 9.7 30.1 49.1 63.1 67.5 70.0 78.6 80.7 77.2 
376 9.0 9.1 9.1 34.2 49.0 63.7 69.0 76.3 74.2 86.4 77.5 
377 8.0 8.3 8.3 30.1 51.2 61.8 68.2 70.1 76.8 89.4 77.5 
378 8.3 11.3 8.8 34.0 50.9 58.8 65.9 71.7 77.9 78.2 81.2 
379 8.0 7.8 9.8 34.8 52.1 56.9 67.5 73.6 79.4 80.5 81.0 
380 9.8 9.0 9.2 32.2 50.7 60.2 73.0 69.9 77.1 78.2 83.0 
381 9.0 8.7 8.6 32.0 46.7 62.9 72.9 75.9 75.0 76.8 82.3 
382 8.8 10.0 9.2 30.9 47.6 63.2 65.1 75.9 81.6 80.9 84.2 
383 10.9 10.1 7.5 34.8 47.4 61.7 67.3 71.8 81.1 79.6 78.5 
384 8.6 9.7 8.6 33.7 47.3 63.0 70.0 70.6 74.3 80.3 82.8 
385 11.2 9.6 7.7 31.4 48.1 61.3 72.3 79.0 77.1 77.4 81.4 
386 10.7 9.2 7.6 33.3 51.0 58.6 69.6 71.9 73.7 84.8 85.0 
387 10.0 8.9 9.2 34.4 47.1 58.0 72.8 72.6 74.7 79.7 80.5 
388 9.2 8.2 9.6 36.6 48.7 62.1 70.6 72.1 73.3 80.3 80.4 
389 9.0 10.1 9.3 32.9 44.6 60.0 69.0 74.8 79.9 78.0 74.9 
390 9.2 9.8 7.5 35.7 50.5 63.4 69.5 70.4 80.6 79.5 77.6 
391 9.1 9.0 10.3 32.0 45.5 64.3 70.0 74.7 78.7 77.1 82.9 
392 11.3 9.5 9.3 33.5 45.4 62.3 69.2 74.5 79.6 78.0 79.5 
393 9.1 9.1 8.3 35.2 46.9 59.0 72.5 79.6 79.7 77.6 75.4 
394 8.0 7.8 10.5 32.7 52.0 61.3 68.9 76.3 84.6 75.3 81.2 
395 8.0 5.8 10.6 32.4 52.2 61.8 71.7 74.6 76.4 74.2 78.4 
396 8.4 8.7 8.5 35.0 48.9 61.5 67.8 78.4 82.0 76.2 73.0 
397 9.9 9.8 9.4 35.3 49.1 63.1 72.6 79.1 77.9 77.8 81.2 
398 8.0 10.8 9.6 31.8 50.1 60.6 69.8 74.1 81.3 73.4 74.1 
399 8.3 10.7 9.3 32.6 48.9 61.6 71.3 77.2 75.3 69.9 78.3 
400 8.0 9.4 8.6 33.6 49.2 57.3 72.7 73.1 78.3 81.3 77.1 
401 7.9 8.4 8.8 32.4 52.4 59.2 68.7 70.9 75.8 75.8 73.8 
402 9.1 7.7 9.1 31.8 52.6 64.0 69.0 81.1 76.1 76.1 75.6 
403 8.5 10.2 9.4 31.3 52.3 59.2 70.0 75.7 81.6 74.5 77.2 
404 7.7 10.2 8.6 31.6 51.3 60.9 66.0 77.0 75.0 70.4 79.5 
405 9.5 12.1 9.9 35.8 52.2 61.0 69.5 72.0 80.3 79.9 74.2 
406 9.2 11.3 9.4 29.1 51.3 56.3 70.5 68.8 79.0 74.7 75.2 
407 10.2 9.7 8.7 29.8 55.0 63.0 67.8 71.6 76.2 80.7 77.5 
408 11.5 8.7 8.3 31.8 45.8 57.6 69.1 77.5 86.5 83.8 79.1 
409 10.6 8.8 10.2 27.0 51.9 57.3 71.3 72.4 82.7 85.1 82.4 
410 9.0 8.8 9.6 32.5 50.1 63.0 68.1 74.0 82.5 81.5 80.8 
411 8.2 8.2 9.0 34.4 48.9 58.0 72.8 69.5 76.3 76.1 79.7 
412 9.5 9.0 9.2 31.9 50.7 67.6 67.8 70.1 80.6 84.5 80.5 
413 9.1 9.8 8.7 33.0 50.9 57.8 68.6 72.6 80.5 75.3 80.1 
414 9.0 10.6 8.5 32.6 47.7 61.2 69.0 66.4 75.0 78.8 82.1 
415 8.3 9.5 10.5 38.2 48.8 63.8 72.5 70.9 80.9 82.2 85.1 
416 9.4 8.8 7.4 28.8 52.8 59.0 64.6 65.7 77.7 79.0 82.1 
417 7.0 7.2 9.0 33.0 48.5 59.7 66.6 66.0 80.8 86.3 83.0 
418 8.6 7.4 7.3 27.4 51.4 57.3 73.2 70.1 80.4 83.0 80.8 
419 8.2 9.1 10.3 34.6 45.9 62.4 71.6 72.6 75.9 84.0 84.4 
420 9.9 9.8 7.5 30.2 51.7 61.4 71.1 76.4 76.1 83.7 82.5 
421 9.9 10.0 10.2 30.9 50.5 61.1 67.3 69.2 74.8 84.4 85.4 
422 8.2 8.6 9.7 30.7 45.7 61.7 72.1 67.2 70.5 79.4 85.4 
423 8.4 11.1 10.1 32.8 52.5 57.9 70.8 69.0 74.1 89.7 90.6 
424 9.2 10.4 8.8 32.8 45.9 61.7 66.6 71.4 69.6 84.3 86.4 
425 8.6 8.8 7.4 31.8 46.0 61.5 69.5 71.5 74.2 83.6 85.8 
426 9.1 9.4 8.8 30.8 46.4 58.6 65.0 69.4 73.9 80.2 87.3 
427 9.7 8.8 7.4 33.2 48.5 61.7 69.7 72.2 74.9 82.0 79.7 
428 8.5 9.8 8.4 34.5 48.9 60.3 65.1 69.4 70.4 82.5 88.8 
429 9.2 8.8 10.3 31.3 51.5 57.9 68.6 70.9 76.3 84.1 86.5 
430 9.3 8.0 8.7 34.8 48.4 64.3 67.7 69.7 76.3 79.2 84.6 
431 9.6 11.1 8.5 30.4 51.8 62.2 69.6 69.6 70.1 81.2 84.8 
432 9.3 9.3 8.6 35.4 48.7 62.3 68.7 68.3 74.8 78.0 78.7 
433 8.6 10.7 9.4 32.3 54.4 64.5 67.4 69.3 71.9 81.5 84.2 
434 8.6 7.6 9.7 34.8 42.3 58.6 70.8 74.6 70.7 81.8 88.5 
435 11.5 8.8 8.0 31.5 54.2 62.5 70.8 69.4 75.9 82.3 85.6 
436 8.8 8.5 9.7 30.5 48.0 60.7 66.2 67.6 77.6 78.4 82.7 
437 8.9 8.9 8.7 33.4 50.2 63.3 69.2 64.8 71.7 80.0 79.5 
438 9.8 9.3 10.4 34.2 47.1 62.0 69.4 65.0 79.5 76.8 84.6 
439 8.7 10.0 9.1 33.1 52.5 61.4 67.3 74.0 81.6 79.5 81.1 
440 7.8 8.7 9.9 31.3 51.9 60.8 70.9 73.2 80.3 79.6 81.5 
441 6.6 9.2 9.4 30.2 49.5 58.2 65.4 73.0 80.5 75.7 86.5 
442 10.9 10.6 9.1 33.9 49.9 65.1 67.1 71.6 73.7 72.3 86.9 
443 10.6 8.3 9.2 31.4 49.4 60.3 74.6 72.6 78.5 82.8 82.7 
444 10.4 9.3 10.7 31.3 47.9 58.3 67.9 73.2 79.7 75.5 80.4 
445 7.5 10.0 8.4 32.7 51.3 59.3 73.0 68.9 84.0 76.1 86.1 
446 9.5 8.4 7.6 33.5 48.5 56.2 68.2 74.5 85.0 77.5 74.6 
447 8.0 8.9 8.0 35.3 52.9 59.6 73.1 72.1 81.4 70.5 78.5 
448 8.9 8.7 10.7 33.4 52.7 57.7 70.0 73.1 87.1 77.0 82.4 
449 10.6 10.8 7.7 31.0 51.9 56.4 68.8 73.0 79.2 77.8 81.5 
450 10.1 9.9 7.9 32.6 54.2 63.3 68.2 71.4 76.5 78.5 79.3 
451 11.0 9.3 7.3 34.2 52.7 63.1 70.8 74.5 78.4 76.4 84.2 
452 7.8 9.2 6.9 31.6 53.7 57.8 70.8 72.4 79.1 77.7 81.9 
453 10.3 9.5 8.4 34.5 54.5 63.4 69.0 71.3 77.7 77.0 78.2 
454 7.6 8.8 9.7 29.7 50.7 60.3 70.6 70.1 76.6 79.3 80.2 
455 7.7 8.3 8.4 32.1 51.7 63.2 69.0 70.4 75.7 72.0 77.5 
456 9.1 7.3 8.4 38.7 54.4 60.7 69.1 68.9 78.7 76.1 84.3 
457 8.4 9.8 9.4 35.1 54.9 61.0 69.2 71.4 75.6 73.3 81.3 
458 9.8 8.2 8.5 32.7 52.4 58.0 66.8 66.9 77.4 77.3 79.8 
459 10.9 8.4 8.7 35.0 55.3 59.4 68.3 73.6 78.3 78.8 85.0 
460 8.9 10.2 10.5 33.5 49.4 63.2 68.7 68.5 79.2 74.4 81.9 
461 8.1 9.0 8.0 35.4 51.3 62.5 70.9 68.0 75.4 75.7 82.4 
462 10.1 9.0 10.2 35.0 50.7 62.1 74.2 75.3 80.1 78.4 82.7 
463 9.0 9.9 8.4 33.5 50.1 60.4 77.3 76.0 76.1 76.2 85.5 
464 10.2 10.4 9.6 30.8 49.5 61.6 73.9 73.2 80.5 74.5 85.3 
465 10.4 11.6 9.3 34.0 50.1 63.5 69.3 70.3 72.3 75.3 81.6 
466 7.9 9.3 8.5 32.8 54.3 58.5 75.7 75.8 80.0 70.7 84.1 
467 8.6 9.8 8.2 30.6 51.7 60.1 72.5 69.8 77.8 73.6 80.8 
468 9.7 10.0 7.0 34.3 50.6 59.4 74.4 70.8 79.2 73.3 78.8 
469 7.5 9.6 7.6 29.8 46.1 63.1 73.5 73.9 77.9 74.0 86.3 
470 8.9 9.9 9.7 32.4 50.3 59.2 71.9 76.8 73.8 74.4 77.6 
471 8.4 8.1 8.7 27.1 53.0 61.4 69.3 73.4 83.7 76.0 81.5 
472 8.7 9.9 10.4 28.1 45.5 61.5 67.5 71.2 76.6 79.3 89.2 
473 7.1 11.7 8.6 32.1 50.9 60.1 67.8 72.6 72.9 78.0 89.4 
474 10.1 9.0 9.9 33.1 53.3 57.3 70.9 68.9 78.5 76.8 80.5 
475 7.9 11.1 8.9 33.6 51.2 55.5 71.1 77.3 75.0 74.5 85.5 
476 10.1 9.1 9.0 31.3 52.3 61.9 70.6 67.8 76.9 75.8 85.9 
477 9.8 6.6 9.2 31.9 51.6 60.4 76.6 69.7 78.6 74.0 79.4 
478 9.0 9.4 8.7 32.2 47.2 62.5 68.8 72.1 77.4 72.0 82.5 
479 8.7 8.3 8.9 30.4 50.7 58.3 76.9 77.8 80.8 73.4 88.5 
480 8.9 10.2 10.1 29.4 48.6 62.9 69.7 72.4 77.2 73.7 84.0 
481 8.5 10.4 7.8 34.3 49.1 63.0 72.0 70.6 80.5 72.9 83.3 
482 8.5 8.9 9.3 33.3 47.7 62.8 73.1 77.0 80.9 76.7 86.3 
483 9.0 9.1 7.4 30.1 52.3 67.7 71.2 72.2 77.5 73.9 79.2 
484 10.4 9.2 9.8 35.7 48.5 63.2 72.8 75.4 74.7 78.9 78.4 
485 10.2 8.9 7.0 29.8 49.5 63.6 77.0 73.1 74.9 80.3 88.1 
486 9.6 7.2 8.8 37.2 56.2 69.4 72.7 75.4 79.1 75.8 80.1 
487 8.8 8.9 10.5 31.2 53.5 67.2 75.2 74.9 76.1 79.5 81.0 
488 10.7 10.0 6.5 35.1 54.1 67.3 74.7 74.1 78.9 78.6 80.4 
489 9.6 8.9 8.6 33.6 53.5 64.2 77.1 75.1 86.7 81.2 86.1 
490 9.5 10.3 9.4 32.2 55.3 69.5 76.3 77.5 90.6 83.5 91.0 
491 9.4 10.3 8.3 34.1 50.7 70.3 83.5 76.2 89.1 88.1 91.2 
492 9.5 9.1 10.8 36.5 58.0 76.8 81.5 87.7 99.4 98.6 95.5 
493 8.2 8.3 9.3 38.8 61.0 76.3 97.1 86.3 101.3 97.5 106.1 
494 11.0 10.4 9.2 37.7 67.6 81.3 94.0 92.5 104.1 110.9 109.3 
495 9.1 8.2 8.1 41.0 66.0 91.6 103.8 97.3 116.9 116.7 112.0 
496 11.7 11.5 8.6 38.4 71.2 95.8 108.8 103.0 129.1 128.3 127.8 
497 10.1 8.3 10.7 45.5 76.8 97.9 115.6 114.3 128.5 135.7 129.8 
498 9.0 9.1 9.8 44.4 73.7 107.5 117.6 125.9 145.8 144.9 142.3 
499 4.9 5.1 4.9 21.1 40.6 59.1 73.7 63.0 80.8 76.4 76.0 
