0 4.5 43.7 49.5 46.8 48.0 47.2 50.8 59.4 53.4 47.7 49.2 
1 8.7 80.1 96.2 92.7 90.9 89.6 93.1 102.3 94.7 87.6 92.6 
2 9.4 70.5 88.6 83.0 84.2 86.4 85.5 100.0 93.0 88.1 94.6 
3 7.7 67.5 84.7 81.2 75.3 78.4 83.3 93.6 86.1 84.5 82.3 
4 9.5 65.6 77.7 69.7 75.5 76.6 77.3 87.8 81.0 71.0 80.7 
5 9.4 56.2 71.3 67.2 72.0 72.5 73.7 84.2 77.0 75.6 79.7 
6 9.3 51.9 69.1 63.2 64.7 66.6 74.3 74.1 70.3 71.6 74.5 
7 10.0 44.3 61.4 60.5 64.6 65.2 69.7 72.0 73.2 68.5 70.8 
8 7.8 42.3 55.7 59.5 58.7 67.8 62.7 71.4 74.8 70.3 66.3 
9 10.6 38.2 49.2 57.3 57.7 58.7 68.1 70.7 70.0 65.6 73.8 
10 7.8 34.8 48.2 53.0 56.2 60.4 69.6 67.6 68.2 61.8 66.4 
11 8.3 32.9 45.7 48.4 55.2 56.7 66.0 63.3 66.1 62.1 67.0 
12 10.0 23.6 43.0 51.2 53.4 59.3 59.1 63.9 67.7 67.7 64.1 
13 8.7 22.3 39.8 47.4 52.8 61.5 65.5 68.1 64.2 57.1 66.3 
14 9.5 20.4 36.6 49.2 54.2 60.0 60.8 64.0 65.7 69.4 68.4 
15 10.0 16.1 30.3 45.6 56.1 57.2 65.1 71.2 66.7 65.4 73.7 
16 7.8 14.0 28.8 44.9 49.0 60.0 62.8 68.2 73.4 68.4 67.7 
17 10.4 15.8 30.3 38.8 50.6 61.3 67.7 67.8 73.7 69.2 70.8 
18 9.7 13.9 25.9 34.6 52.7 61.1 72.3 72.4 71.7 71.0 78.2 
19 10.0 13.9 23.7 33.8 47.7 61.7 69.8 70.9 72.9 77.9 81.4 
20 8.5 9.9 22.6 33.1 48.8 58.4 66.7 73.1 68.3 75.1 81.0 
21 9.3 11.1 17.9 35.4 46.5 54.6 66.6 70.7 75.5 74.6 83.4 
22 10.0 11.4 18.9 29.3 43.4 55.8 66.4 77.5 75.6 76.5 88.1 
23 8.8 10.0 15.3 28.5 41.0 56.4 60.8 73.3 79.2 82.4 94.1 
24 9.1 10.0 12.9 23.7 40.4 51.8 59.4 82.3 77.8 90.0 101.6 
25 8.0 10.6 11.9 23.3 39.2 49.7 65.5 78.2 80.2 85.2 98.8 
26 9.1 9.4 13.4 23.1 36.5 44.2 56.4 76.0 79.6 91.8 103.8 
27 7.9 9.8 11.5 20.7 32.6 45.4 60.6 74.4 85.0 93.2 108.2 
28 8.5 9.5 10.1 20.5 27.5 40.1 51.9 75.5 80.8 92.5 117.8 
29 10.1 10.9 10.5 16.5 28.8 38.8 56.7 75.9 84.1 103.6 125.9 
30 9.9 11.3 10.2 14.9 22.8 32.3 52.5 70.0 86.2 105.1 129.5 
31 7.8 9.4 9.0 16.1 21.2 31.8 48.7 73.8 86.2 105.7 136.4 
32 9.6 10.7 11.1 11.0 21.8 29.0 42.7 66.1 85.3 109.2 146.2 
33 8.6 8.6 8.2 12.0 19.5 24.4 40.7 64.6 82.1 118.9 156.9 
34 8.3 8.4 10.2 11.3 14.9 22.5 41.0 59.4 85.6 119.9 167.6 
35 8.2 8.9 10.9 11.6 16.4 22.1 35.3 57.8 77.5 120.4 183.0 
36 9.1 8.3 10.0 10.0 13.1 20.1 32.0 56.5 78.0 114.4 196.9 
37 9.7 11.5 8.6 8.4 14.1 18.7 28.2 52.1 72.2 114.6 216.7 
38 10.1 9.5 7.6 11.0 11.8 15.0 24.8 40.3 69.0 117.3 221.5 
39 8.2 8.3 8.4 8.4 10.5 13.4 22.1 36.7 66.0 112.9 248.0 
40 8.5 8.0 8.5 8.3 10.7 11.1 21.6 40.2 60.4 107.7 266.9 
41 6.9 7.5 10.5 9.0 11.2 10.7 21.8 27.7 54.2 97.4 276.1 
42 10.8 9.1 9.8 8.2 8.1 10.8 15.6 24.9 51.1 91.2 293.0 
43 9.2 7.8 9.2 11.2 10.2 10.3 13.9 25.0 46.5 90.2 304.0 
44 7.8 9.2 10.2 8.9 6.7 10.3 12.5 18.3 40.5 81.2 316.8 
45 9.9 10.0 8.5 8.8 8.7 10.5 13.1 18.4 31.9 72.4 325.5 
46 8.6 8.3 9.3 7.7 9.1 9.2 9.9 15.7 27.7 61.4 328.0 
47 8.9 9.8 9.6 8.3 9.7 9.3 9.4 16.6 24.3 56.1 326.0 
48 9.8 8.8 11.2 9.5 9.7 8.4 9.8 13.4 21.4 45.1 283.9 
49 8.3 10.2 8.9 8.2 8.0 9.0 8.6 12.1 16.1 37.6 244.5 
50 11.3 9.4 8.1 9.9 8.3 9.8 12.0 10.8 14.4 34.5 211.6 
51 8.1 9.3 9.4 7.8 7.0 9.1 9.9 11.9 17.6 30.9 167.6 
52 9.5 10.3 9.3 8.9 9.9 6.8 9.6 8.7 11.1 27.1 143.2 
53 10.6 9.9 9.7 10.3 8.5 9.3 8.8 10.0 13.0 21.0 106.4 
54 8.3 8.3 8.7 10.0 8.7 8.3 7.9 11.4 10.4 17.2 88.4 
55 8.7 8.4 9.4 8.2 8.1 9.6 9.1 8.7 11.9 13.6 73.1 
56 7.8 9.0 7.9 9.4 9.6 10.1 8.1 10.9 10.7 13.3 51.4 
57 9.0 9.6 9.1 9.7 9.0 10.3 9.4 9.1 8.7 10.7 40.5 
58 9.5 9.8 10.0 8.5 8.4 8.6 10.6 9.9 10.4 11.3 31.3 
59 9.8 9.6 8.7 9.4 10.9 9.4 10.1 11.3 7.4 10.6 23.6 
60 8.9 7.4 9.9 9.6 10.1 9.6 7.9 9.1 9.9 9.2 18.2 
61 9.9 9.6 7.2 8.8 9.7 10.1 9.0 7.7 7.2 11.1 15.8 
62 8.6 8.9 10.2 8.4 10.6 8.8 9.6 8.1 9.8 8.4 12.0 
63 9.7 7.9 9.9 9.5 9.8 9.7 10.3 10.1 7.4 9.3 13.0 
64 11.0 10.1 9.6 8.7 9.4 11.0 8.6 8.4 9.8 9.6 10.9 
65 8.7 7.7 9.2 9.8 9.4 10.5 9.2 9.2 6.6 7.8 9.8 
66 10.1 9.1 6.5 8.5 9.5 8.7 9.8 8.6 8.0 9.4 10.6 
67 9.5 7.7 9.3 7.6 7.8 8.4 9.9 8.8 8.0 8.0 9.1 
68 7.8 7.5 8.8 8.6 9.4 9.1 9.6 8.8 10.1 9.8 11.2 
69 9.9 9.6 9.2 11.4 10.9 8.2 6.9 8.3 9.7 9.3 9.0 
70 9.1 8.4 8.9 8.9 8.3 8.4 8.9 9.0 10.1 8.7 7.7 
71 7.8 8.2 9.9 9.6 8.4 10.0 8.6 10.1 9.0 8.2 8.9 
72 10.0 9.9 9.8 8.6 9.2 8.9 9.4 8.7 8.2 9.4 7.4 
73 9.7 9.3 9.3 9.3 8.9 9.5 8.3 9.4 8.7 10.8 10.6 
74 10.3 8.7 8.8 10.6 8.6 9.8 8.4 8.4 8.0 8.7 9.4 
75 9.5 9.8 7.6 9.9 9.1 9.1 9.2 8.7 9.2 10.0 10.7 
76 8.8 8.5 11.1 8.7 8.9 9.8 7.2 9.9 9.6 9.0 9.0 
77 8.4 9.3 8.7 8.8 10.0 9.0 8.0 9.7 9.6 8.8 8.4 
78 8.8 9.0 7.4 9.8 10.9 7.0 8.0 9.7 9.6 9.6 8.5 
79 9.4 9.5 9.1 9.5 12.0 10.2 9.3 9.0 7.9 9.6 8.9 
80 9.2 8.2 10.9 9.0 9.2 9.4 8.7 8.6 9.8 7.5 8.9 
81 8.1 9.2 7.4 9.1 8.1 7.0 8.1 9.6 7.6 8.4 9.6 
82 11.2 9.7 11.0 9.4 10.0 8.5 9.4 9.5 9.8 10.7 8.8 
83 9.7 10.0 8.3 8.2 9.8 8.5 9.5 8.9 9.3 9.9 9.3 
84 7.9 8.5 7.4 9.3 7.4 9.3 8.9 9.9 9.6 10.1 7.6 
85 9.2 8.7 8.6 10.5 9.0 10.0 9.1 10.4 8.8 8.4 8.9 
86 10.5 9.2 9.4 8.5 7.9 8.0 9.0 8.6 9.0 7.4 7.6 
87 9.3 9.3 7.8 9.6 9.2 9.2 7.9 9.3 8.4 7.7 10.6 
88 9.7 7.5 11.0 8.3 10.0 8.7 11.0 7.4 9.1 10.3 9.7 
89 7.5 8.6 11.5 10.7 9.9 8.8 9.4 9.3 10.3 10.8 11.2 
90 8.5 9.9 10.0 6.8 10.8 9.8 9.2 9.0 9.8 9.8 8.4 
91 9.8 9.1 10.1 9.3 8.2 8.5 10.2 9.6 10.0 9.9 10.5 
92 10.0 7.7 9.8 9.1 9.2 8.9 10.8 9.5 8.2 5.4 11.1 
93 8.6 8.2 9.4 8.8 8.2 9.0 8.8 10.3 9.3 10.0 9.0 
94 10.4 10.9 8.4 10.3 9.3 6.9 8.8 7.6 9.1 9.0 8.0 
95 9.1 9.3 11.2 8.4 9.4 9.0 8.4 7.7 8.9 10.4 8.6 
96 8.5 8.9 8.3 8.3 7.8 9.0 9.5 8.9 8.1 10.5 10.4 
97 7.7 7.7 7.7 9.3 9.6 9.2 9.6 10.9 8.3 10.6 9.1 
98 9.6 10.7 10.7 9.6 9.0 9.8 8.5 8.8 9.1 8.9 9.0 
99 8.7 8.5 8.0 10.3 7.6 9.6 9.9 10.0 8.9 9.7 8.6 
100 10.5 7.9 9.1 9.6 7.9 8.9 10.9 10.3 8.1 9.4 8.3 
101 9.6 11.2 6.9 11.3 8.0 8.0 8.3 10.9 9.7 9.1 9.8 
102 7.6 9.0 8.1 10.4 8.9 9.7 8.0 8.9 8.5 8.6 8.8 
103 10.0 8.5 9.1 8.0 8.4 7.9 7.1 10.2 11.7 10.2 9.4 
104 10.5 10.6 7.7 8.6 8.5 7.2 9.8 9.0 11.5 9.0 8.3 
105 8.2 9.2 7.5 9.7 10.0 7.6 8.5 8.5 9.0 10.0 8.8 
106 8.2 9.3 9.5 9.1 7.6 8.6 7.8 9.7 9.1 7.6 9.4 
107 8.9 9.7 6.9 9.4 9.2 11.0 9.9 8.3 10.3 9.0 8.0 
108 8.7 9.0 9.1 7.9 9.4 9.1 7.5 8.3 6.7 8.2 10.4 
109 8.9 7.7 8.6 8.7 9.4 10.0 9.5 9.7 9.1 9.9 9.6 
110 9.5 10.1 8.6 9.9 8.6 9.4 10.4 10.6 9.5 10.9 8.4 
111 9.0 9.1 10.6 9.0 8.5 8.7 8.5 9.0 8.4 9.5 9.6 
112 10.0 7.9 9.8 7.9 10.1 9.9 9.1 8.5 9.7 7.7 9.5 
113 10.8 7.6 8.7 9.1 8.0 9.6 8.7 8.6 7.9 8.5 9.4 
114 8.2 8.4 10.3 7.1 10.5 9.5 8.4 8.8 9.5 7.4 9.8 
115 8.9 7.3 7.0 9.3 8.3 9.9 10.7 8.6 9.6 7.4 8.6 
116 8.2 8.8 9.5 9.7 8.7 9.6 8.7 11.3 9.0 8.1 8.2 
117 8.6 8.3 8.2 9.7 8.8 8.1 8.9 8.8 6.7 9.5 7.8 
118 8.4 9.2 9.3 8.2 9.3 10.3 7.8 10.4 9.8 9.9 7.7 
119 8.5 10.0 8.9 8.6 9.9 9.2 8.5 8.4 9.4 7.7 8.1 
120 9.1 9.7 10.6 10.2 8.6 10.0 8.9 9.7 10.2 9.4 7.2 
121 9.5 9.6 9.4 7.9 9.0 10.4 10.4 11.6 8.1 8.4 11.0 
122 7.5 9.3 10.2 10.0 10.4 9.0 8.7 9.5 10.3 7.6 7.8 
123 10.1 9.4 9.1 9.0 9.7 8.1 9.6 10.7 8.4 8.3 7.9 
124 10.4 9.5 11.3 10.8 8.8 7.2 6.1 10.5 10.0 7.9 10.4 
125 8.9 8.7 9.4 8.1 8.7 9.1 8.6 9.9 10.2 9.5 10.8 
126 8.1 9.9 8.9 9.5 7.5 9.1 9.2 9.0 9.2 9.8 8.0 
127 8.1 9.2 8.9 9.5 9.9 9.1 9.8 10.0 8.3 9.1 8.1 
128 9.8 8.5 7.1 7.9 8.8 9.8 9.7 10.4 9.0 8.5 9.1 
129 7.4 9.3 9.1 9.4 9.4 9.3 10.7 8.7 8.4 10.4 8.6 
130 8.1 11.5 8.9 9.8 9.5 9.3 8.2 9.3 9.3 8.3 9.1 
131 10.3 8.3 9.3 7.9 9.0 8.1 10.2 9.9 8.8 9.8 9.0 
132 9.0 10.2 9.1 8.5 9.3 9.1 7.9 9.0 9.7 8.8 9.9 
133 10.1 9.6 8.5 9.5 10.4 9.1 9.4 10.2 8.9 9.4 9.8 
134 7.8 9.1 9.4 11.4 8.3 8.4 9.2 9.0 8.6 8.3 10.3 
135 10.7 7.7 9.1 8.5 8.1 10.1 8.9 7.8 6.8 9.1 8.0 
136 7.9 8.5 8.4 8.3 9.2 9.9 8.2 9.9 6.7 8.0 7.8 
137 9.2 8.4 9.5 9.2 9.3 10.4 8.6 7.9 7.9 8.4 7.1 
138 10.6 9.2 9.0 10.6 8.7 9.6 9.3 9.8 7.9 8.2 11.1 
139 9.8 9.8 8.7 7.7 8.4 10.5 8.9 6.7 9.3 8.9 8.3 
140 8.8 11.1 9.1 8.5 10.2 9.8 7.5 10.4 9.5 9.2 9.7 
141 8.8 9.5 8.3 9.1 8.9 9.3 8.6 7.9 8.8 8.8 10.2 
142 8.6 8.0 10.6 10.5 10.0 8.8 8.7 10.0 10.6 8.6 8.0 
143 7.8 10.3 9.5 8.6 8.6 8.3 8.4 7.6 9.3 8.6 7.8 
144 8.6 7.7 10.4 8.9 8.2 10.3 9.6 7.6 10.1 7.2 9.4 
145 7.8 8.6 6.7 9.1 7.7 8.9 8.4 9.5 10.2 10.2 9.6 
146 10.7 9.3 9.8 9.1 8.4 10.1 9.8 10.4 7.3 10.7 9.3 
147 10.7 10.5 7.2 8.5 8.0 9.1 9.2 9.8 11.8 10.4 9.4 
148 8.8 10.8 11.1 11.1 10.9 9.3 9.0 10.5 9.3 10.1 7.8 
149 7.1 9.5 8.0 9.2 8.7 8.1 10.2 8.9 9.3 9.3 9.1 
150 7.7 9.8 10.2 10.2 8.4 8.6 9.3 7.8 8.9 7.8 10.5 
151 7.3 9.6 11.2 9.5 10.2 8.8 9.8 9.7 8.7 9.8 8.4 
152 9.2 8.5 10.4 9.0 9.7 9.9 10.6 9.6 7.1 8.2 9.7 
153 8.5 8.6 9.5 9.7 8.1 10.7 9.5 9.6 9.3 8.8 8.9 
154 9.2 10.3 8.5 9.2 8.2 10.4 8.1 9.8 8.6 8.4 9.8 
155 9.7 9.1 9.4 7.9 7.8 10.1 8.3 9.2 7.2 8.9 9.4 
156 7.8 8.4 9.1 8.4 7.9 8.9 8.7 9.2 8.6 10.0 9.4 
157 9.1 9.0 9.4 9.1 9.0 9.0 8.8 7.9 9.1 11.2 8.2 
158 9.3 10.3 9.4 9.9 7.8 10.1 10.5 7.8 8.9 9.3 9.5 
159 8.4 8.7 8.7 9.7 9.1 7.3 9.3 8.2 8.6 9.0 8.4 
160 9.1 8.9 8.5 10.0 9.7 9.8 9.4 9.0 8.6 9.0 7.0 
161 9.0 11.0 9.5 9.9 7.2 9.8 9.3 8.7 8.3 8.8 10.3 
162 8.4 8.7 7.3 10.0 8.2 9.2 10.0 9.3 8.3 8.7 7.0 
163 8.6 10.7 9.2 10.3 9.7 9.6 9.5 8.5 8.8 9.0 8.3 
164 9.3 10.9 8.8 8.8 9.8 8.6 8.5 7.7 9.8 8.8 10.2 
165 8.5 8.7 8.2 9.1 7.8 10.3 8.2 8.6 8.1 8.2 9.8 
166 8.4 9.3 7.8 8.3 8.7 9.3 8.9 8.6 10.2 10.8 9.4 
167 9.2 9.0 8.3 9.2 9.6 9.2 8.2 9.4 9.5 9.4 9.6 
168 8.5 10.1 9.3 9.6 9.9 9.4 9.5 8.6 10.4 8.9 7.6 
169 9.7 11.5 9.1 9.2 9.2 8.3 8.8 10.5 8.8 10.1 8.3 
170 8.8 8.6 10.8 9.7 8.6 8.2 9.5 9.3 8.6 9.6 9.6 
171 8.4 8.1 7.1 9.8 9.4 9.4 8.4 9.8 9.1 9.6 9.0 
172 9.5 9.4 8.7 8.1 8.9 8.3 9.4 10.3 8.6 10.8 9.1 
173 9.5 10.2 7.6 10.2 7.7 9.7 9.4 9.4 9.7 9.1 9.7 
174 11.7 8.9 8.9 9.1 8.3 7.9 9.5 10.7 9.5 8.7 9.7 
175 7.1 9.8 9.2 9.7 9.7 10.2 9.2 10.5 8.8 8.5 9.3 
176 10.1 8.8 8.6 10.2 8.9 9.0 7.2 8.5 8.1 8.8 8.1 
177 8.8 8.8 10.3 9.4 7.9 9.1 9.5 7.7 7.9 8.6 9.4 
178 8.9 9.1 9.0 8.5 10.0 8.5 8.4 8.6 9.2 9.0 7.8 
179 9.4 9.1 9.5 10.8 9.6 8.6 8.7 10.0 9.0 10.2 9.8 
180 8.7 6.7 7.7 8.8 9.7 7.6 10.2 9.5 9.6 7.2 11.2 
181 7.7 9.1 9.1 8.9 8.9 8.2 10.7 8.5 7.3 8.8 10.6 
182 8.4 9.0 8.9 10.6 8.0 8.7 9.0 9.2 8.8 9.4 8.6 
183 9.1 8.9 8.9 10.0 10.6 9.4 9.1 10.2 10.6 11.5 8.9 
184 10.1 9.7 10.0 8.1 9.2 7.9 8.3 8.4 8.7 7.9 8.3 
185 10.2 9.0 8.3 8.8 8.7 8.5 11.2 9.6 8.6 9.1 8.2 
186 10.2 8.5 9.8 9.8 7.7 10.2 10.3 7.9 7.4 7.7 9.6 
187 8.7 10.3 9.3 7.8 10.0 9.7 9.7 8.7 7.9 9.7 8.3 
188 10.6 8.3 10.1 9.8 8.8 10.4 7.9 7.8 9.8 8.9 10.4 
189 9.2 8.7 9.7 9.0 9.0 10.9 8.4 7.8 8.3 8.8 9.2 
190 10.0 11.1 8.7 9.1 8.2 10.2 10.2 9.1 8.4 9.3 9.7 
191 10.0 9.0 8.8 9.3 8.4 8.5 8.3 9.9 10.4 8.0 7.8 
192 7.9 8.9 7.4 8.7 8.7 7.0 9.0 9.5 9.3 10.4 8.7 
193 10.9 9.7 9.0 10.1 10.7 8.2 8.9 8.6 9.5 9.9 8.6 
194 9.0 10.2 9.6 9.0 9.7 9.3 10.5 8.8 7.1 9.4 9.1 
195 10.3 10.0 8.7 8.8 8.4 9.1 8.7 7.7 9.1 8.9 10.5 
196 8.9 10.1 7.6 8.5 8.5 8.6 9.7 9.0 9.1 7.7 9.0 
197 10.4 10.8 7.7 11.3 10.0 9.1 10.8 10.6 8.6 9.0 9.1 
198 10.5 8.1 10.1 8.9 9.2 7.8 7.9 8.7 9.2 9.0 8.1 
199 9.1 9.6 8.0 8.5 8.6 8.5 9.4 10.0 9.9 9.6 11.4 
200 10.3 9.8 10.2 8.9 8.5 7.4 8.1 7.5 10.0 8.9 8.9 
201 6.9 8.5 7.8 8.0 8.5 8.0 8.6 8.9 9.7 8.6 8.7 
202 8.9 11.5 8.7 9.1 8.3 9.0 9.9 9.0 9.8 8.3 8.9 
203 8.3 8.3 10.0 9.5 7.7 9.5 9.2 8.4 7.4 9.6 8.9 
204 8.0 9.6 8.6 9.5 8.4 9.9 10.0 9.8 9.1 10.8 8.8 
205 11.4 8.8 9.2 10.5 7.5 8.2 8.0 8.7 9.1 9.3 8.0 
206 10.6 9.5 8.7 10.0 8.1 7.6 8.6 9.2 8.6 7.3 9.3 
207 8.8 9.1 9.2 7.8 8.3 10.2 9.6 8.6 8.4 9.3 10.4 
208 8.7 9.4 8.8 10.0 9.4 10.4 10.1 7.0 8.6 7.0 9.8 
209 8.4 9.5 9.6 9.2 10.1 8.1 7.8 9.0 8.2 8.4 8.3 
210 8.2 8.2 7.2 9.4 10.6 10.1 8.1 10.0 8.8 8.3 10.1 
211 9.9 8.7 8.3 9.9 7.1 9.8 8.5 9.8 9.8 9.1 8.4 
212 8.6 8.9 9.6 9.5 9.6 10.0 9.1 10.3 8.4 8.5 8.6 
213 9.5 10.2 7.7 10.9 9.5 9.6 9.8 10.1 9.4 8.6 7.5 
214 10.2 7.9 9.0 9.2 8.7 7.1 8.6 8.4 9.0 8.7 8.8 
215 7.7 9.7 8.5 7.1 7.8 7.5 9.6 8.8 9.8 7.7 8.6 
216 10.1 9.4 8.3 8.8 10.9 7.1 9.2 9.2 7.2 10.9 9.4 
217 8.0 9.7 9.0 9.6 9.6 8.2 9.6 10.1 9.7 10.3 9.2 
218 11.3 11.0 9.0 10.3 9.3 9.2 9.9 10.0 10.8 8.4 8.6 
219 8.7 10.4 9.7 8.4 10.7 7.9 8.1 9.9 9.6 7.6 8.8 
220 9.8 10.3 9.0 8.8 8.6 9.6 6.9 9.0 10.9 8.9 10.2 
221 10.1 10.9 9.2 9.6 9.5 9.3 9.3 9.2 9.6 9.6 9.9 
222 9.8 9.6 9.3 8.6 9.0 9.2 8.5 10.8 8.9 7.3 10.5 
223 9.3 7.1 9.1 8.9 11.8 8.9 10.2 9.7 10.1 8.1 10.5 
224 9.0 8.6 9.2 8.4 9.8 8.8 9.0 9.5 10.2 10.0 8.5 
225 8.7 9.0 8.2 7.6 7.4 8.6 8.0 9.9 9.0 8.2 9.4 
226 8.8 10.4 7.1 10.1 8.2 10.0 8.0 9.2 8.0 9.6 11.3 
227 9.5 9.7 7.9 8.9 10.3 9.4 8.4 10.2 8.0 8.2 9.7 
228 8.5 8.6 7.4 8.5 7.9 8.9 8.7 9.0 10.0 9.7 9.5 
229 8.1 8.4 9.4 8.9 7.9 9.0 9.1 7.7 9.6 8.6 9.2 
230 7.3 10.5 9.6 9.0 8.4 8.6 8.4 7.9 9.8 9.6 10.1 
231 8.7 8.9 8.4 10.7 8.2 8.0 8.2 9.3 10.1 10.4 10.6 
232 9.8 8.5 8.9 6.9 8.3 8.4 10.0 10.0 8.9 7.9 9.5 
233 10.4 10.9 8.2 8.9 10.6 9.2 9.4 9.6 8.1 9.8 9.4 
234 9.1 8.5 9.3 9.7 8.6 8.2 8.5 8.7 11.0 8.7 8.7 
235 9.1 11.2 8.0 8.0 9.9 8.0 7.3 9.7 10.1 9.8 9.0 
236 6.6 10.4 9.0 8.1 8.1 7.9 9.3 9.6 9.0 9.0 9.8 
237 7.5 10.3 9.7 9.7 10.1 10.5 7.2 8.0 8.2 9.4 9.9 
238 8.9 9.6 8.1 8.7 8.3 6.6 8.4 9.3 9.7 8.2 8.8 
239 9.0 8.6 8.0 8.2 10.9 8.1 10.1 9.4 10.1 8.8 9.4 
240 7.5 8.3 8.8 9.7 10.1 9.8 9.4 8.4 8.8 9.0 9.5 
241 9.8 10.0 8.2 10.1 9.1 9.3 10.2 9.7 9.0 8.9 10.4 
242 9.2 6.5 10.0 9.8 8.2 8.7 9.1 8.0 8.7 9.1 8.6 
243 9.6 8.8 8.3 11.6 8.8 8.7 10.1 9.8 8.1 8.4 8.6 
244 8.7 10.4 9.3 7.9 8.7 8.0 8.2 7.9 9.0 9.4 9.3 
245 9.9 8.5 8.8 9.7 8.9 7.9 7.7 10.0 9.6 10.7 9.1 
246 9.2 8.3 9.5 9.3 8.9 8.1 9.9 9.8 10.3 12.0 9.7 
247 9.0 9.6 9.4 9.2 9.4 9.1 8.9 10.3 8.9 8.1 7.5 
248 7.9 8.8 9.3 8.9 9.9 7.7 9.3 9.9 10.3 8.4 9.0 
249 9.8 9.1 9.0 8.6 9.2 10.6 8.5 8.0 9.5 8.7 10.2 
250 7.3 9.8 11.0 10.4 8.0 9.9 7.8 9.0 9.0 9.4 9.0 
251 7.8 8.6 7.9 7.4 9.7 10.0 9.4 8.8 9.5 7.8 8.5 
252 11.5 8.8 8.9 9.3 11.0 7.0 10.4 9.3 8.4 7.6 10.1 
253 7.9 8.8 10.5 9.6 10.8 9.8 10.7 8.1 10.3 9.1 8.4 
254 7.6 8.8 8.7 9.0 9.0 10.6 7.0 7.9 7.4 10.4 7.6 
255 9.3 9.2 10.0 9.6 9.5 9.9 9.5 9.0 10.7 9.0 9.1 
256 7.9 8.3 8.8 9.9 8.8 9.6 9.5 9.7 9.4 9.2 9.2 
257 9.0 9.2 10.1 9.5 9.2 7.6 9.5 8.5 10.1 11.9 8.8 
258 10.4 8.6 10.1 8.1 9.4 9.9 11.2 9.6 9.3 9.0 9.9 
259 9.0 9.0 9.3 9.0 8.9 9.6 9.8 8.1 8.4 6.9 10.7 
260 9.1 10.4 8.1 7.8 8.2 9.7 8.3 9.7 9.1 9.5 8.4 
261 7.9 8.7 8.9 8.3 10.7 10.6 8.9 9.0 7.9 11.2 8.5 
262 8.3 9.0 9.0 10.7 9.3 11.0 7.6 7.4 11.4 8.9 9.0 
263 10.3 9.8 9.3 9.4 9.0 10.9 8.5 9.2 9.9 9.1 10.0 
264 8.4 9.2 9.1 9.0 9.4 8.6 9.0 9.3 8.6 8.7 7.8 
265 9.0 8.6 8.3 8.2 7.9 8.4 9.2 9.9 8.9 9.6 8.7 
266 9.2 10.1 8.0 7.8 7.8 10.5 10.1 10.3 8.0 11.2 10.5 
267 10.1 9.2 9.5 7.5 9.3 9.0 8.2 8.3 7.0 8.9 7.9 
268 8.6 10.6 9.1 9.6 8.6 9.6 7.5 9.4 10.6 9.0 9.7 
269 8.0 8.6 8.0 8.2 9.3 9.8 10.0 9.2 8.1 9.3 8.9 
270 8.4 10.2 8.3 10.4 9.5 8.8 10.0 10.0 6.4 8.4 7.7 
271 8.4 8.9 6.9 8.5 8.2 9.2 9.1 9.4 9.1 7.5 8.9 
272 9.2 9.0 9.1 9.4 9.3 9.2 11.0 10.4 9.0 9.8 8.6 
273 8.9 7.6 8.8 8.3 11.0 10.0 6.6 7.6 9.7 7.6 10.1 
274 8.6 10.2 9.9 8.1 9.3 9.2 7.8 9.6 9.6 9.3 9.0 
275 8.7 10.2 8.0 9.2 8.5 8.1 10.8 8.6 9.4 10.2 8.7 
276 8.0 9.1 10.0 10.3 7.8 9.8 9.7 9.4 9.6 10.2 7.7 
277 9.5 9.2 9.5 9.3 6.9 7.8 7.7 8.7 10.1 8.4 8.7 
278 9.4 8.3 8.8 7.8 9.1 9.7 8.2 8.9 9.0 7.4 8.0 
279 7.8 9.0 8.5 9.2 9.4 9.3 9.9 8.1 10.5 11.8 8.2 
280 9.0 10.1 9.7 8.2 7.9 9.2 10.3 10.5 9.6 9.0 9.0 
281 9.6 8.6 8.2 9.2 9.3 9.0 9.2 8.8 9.4 9.8 9.5 
282 9.7 9.2 9.9 8.2 8.6 9.2 10.3 11.2 9.5 7.1 9.9 
283 8.4 8.5 9.1 9.6 10.3 8.8 9.0 9.9 10.0 7.5 8.8 
284 9.7 10.5 8.5 10.5 10.1 8.5 8.8 9.8 8.5 9.8 8.4 
285 10.6 9.8 10.6 9.7 8.5 8.6 8.8 8.8 9.4 7.8 9.1 
286 7.4 9.0 9.8 7.4 7.8 9.2 7.5 9.0 9.5 10.0 10.8 
287 9.0 8.7 8.1 11.3 8.4 9.3 9.9 7.1 10.3 8.7 9.8 
288 9.0 7.4 10.8 10.4 7.8 8.4 7.9 8.1 8.6 9.4 10.0 
289 10.1 9.4 7.9 9.6 9.2 9.7 8.2 10.5 8.6 10.0 9.2 
290 10.3 10.8 9.2 8.1 10.5 9.2 8.9 8.7 11.3 10.1 8.3 
291 9.9 9.6 9.1 8.5 8.3 8.4 9.6 10.4 7.4 8.4 9.1 
292 9.6 7.4 11.0 10.7 9.1 9.7 11.3 8.6 9.7 10.2 7.6 
293 9.0 9.3 9.7 10.4 10.5 9.4 8.9 10.8 9.2 9.9 8.0 
294 10.5 10.3 8.2 9.5 9.5 10.2 9.4 9.0 12.0 8.2 9.3 
295 9.1 8.8 7.6 9.7 8.4 8.8 7.6 10.6 9.1 10.0 8.5 
296 8.4 9.9 8.7 7.9 7.8 10.9 8.8 7.5 9.0 9.3 8.8 
297 9.4 9.1 7.9 8.6 8.6 8.7 10.2 8.1 7.6 7.8 9.3 
298 8.0 8.4 10.3 9.4 9.4 8.8 9.5 9.5 8.3 8.9 8.1 
299 9.8 10.0 7.5 8.4 9.5 7.5 8.4 9.7 8.6 8.2 7.3 
300 8.8 10.2 10.6 10.3 8.5 8.1 7.2 8.7 9.0 7.7 9.2 
301 9.8 9.9 8.6 9.6 9.2 9.1 8.5 9.5 9.0 8.0 7.8 
302 8.6 8.5 9.2 9.2 8.8 9.3 8.6 8.5 8.7 7.4 8.4 
303 10.7 8.4 9.7 8.3 8.7 9.2 10.1 8.5 9.1 9.5 9.3 
304 8.7 8.9 8.3 7.6 8.4 8.0 8.6 8.2 8.6 9.9 8.7 
305 10.6 10.2 9.2 8.8 9.4 9.3 10.0 8.2 9.3 9.0 7.7 
306 7.8 8.0 8.1 10.6 8.5 6.3 10.1 8.2 10.1 9.0 11.0 
307 8.4 9.7 7.7 11.2 11.9 9.5 8.8 10.7 8.4 9.5 7.6 
308 8.7 9.2 8.0 8.5 8.8 10.4 8.8 9.3 9.6 8.5 9.4 
309 9.4 9.4 8.3 8.3 9.3 8.8 10.7 8.4 9.8 9.3 10.1 
310 8.7 10.3 9.5 8.8 10.0 9.0 9.7 8.5 8.6 10.5 11.6 
311 8.5 8.1 9.2 9.1 9.5 9.4 11.7 10.2 9.6 10.8 8.7 
312 9.3 8.5 9.5 9.8 8.6 9.0 11.0 7.5 9.5 9.7 8.3 
313 7.9 9.0 9.7 8.9 10.5 10.3 9.4 9.8 8.7 8.1 9.6 
314 9.0 8.0 9.0 9.1 8.5 9.1 8.3 9.5 7.5 8.0 8.5 
315 8.2 8.4 8.3 8.8 7.9 9.3 9.6 9.2 8.7 8.7 10.1 
316 7.7 10.3 8.3 8.9 9.3 10.2 7.8 10.9 8.2 9.8 8.9 
317 9.9 8.9 10.0 8.0 8.3 9.8 10.3 8.1 11.3 10.1 9.7 
318 10.2 8.5 7.5 10.0 9.6 9.8 7.0 9.5 8.1 8.5 8.1 
319 8.5 10.3 9.4 9.0 9.5 9.6 9.1 7.9 9.1 7.7 8.5 
320 9.7 8.8 10.1 9.1 9.3 8.6 9.2 8.9 9.6 9.8 8.8 
321 10.5 8.3 8.0 8.4 8.7 7.1 9.1 10.0 8.7 9.0 9.1 
322 8.9 9.1 9.4 8.7 10.2 8.6 10.4 8.8 7.7 7.9 8.0 
323 10.8 10.4 8.4 9.1 7.6 8.5 9.2 8.8 8.6 8.1 9.3 
324 9.3 8.8 9.4 10.4 9.7 9.8 10.8 10.8 11.3 9.4 11.0 
325 9.5 7.6 9.0 8.1 10.5 9.5 10.1 8.4 9.9 10.3 9.3 
326 11.0 8.3 8.7 9.4 9.8 9.1 7.9 8.2 8.1 8.0 9.9 
327 9.3 9.5 9.2 8.0 8.1 10.5 8.9 8.1 8.5 9.2 10.2 
328 7.6 8.3 10.3 9.9 9.0 10.2 8.0 7.6 8.5 9.7 8.7 
329 10.0 9.3 10.8 9.3 10.5 8.9 9.8 9.7 8.8 9.4 8.3 
330 10.0 9.2 8.6 9.1 9.9 8.1 9.6 9.8 9.3 8.4 7.2 
331 7.2 10.4 11.0 11.0 8.4 9.3 8.9 7.6 9.1 7.7 9.2 
332 8.5 9.3 8.7 9.0 9.2 8.2 8.8 8.4 9.5 9.2 9.6 
333 9.6 9.0 8.3 8.1 10.4 10.4 8.5 10.4 10.0 7.5 10.7 
334 10.6 10.2 9.2 8.9 9.0 10.0 8.2 10.0 7.5 7.2 10.4 
335 9.2 8.8 8.9 10.1 8.2 7.4 9.4 8.8 9.1 8.1 8.8 
336 8.9 8.4 9.6 8.7 8.7 9.8 8.9 9.8 9.4 9.7 8.5 
337 9.2 8.3 9.7 9.6 9.0 9.8 8.8 8.9 9.6 6.9 7.7 
338 9.2 7.8 7.0 9.4 6.9 8.6 8.4 10.8 10.7 8.5 8.1 
339 9.4 9.0 9.4 11.1 6.5 9.8 9.0 9.1 8.4 10.0 9.0 
340 9.1 7.5 7.2 9.5 8.4 8.3 9.2 8.2 9.2 10.4 8.8 
341 9.4 9.0 7.3 10.7 9.8 9.6 8.7 8.9 9.9 8.3 9.2 
342 8.1 8.8 7.6 9.9 8.9 9.2 9.4 10.9 8.8 9.5 9.4 
343 9.0 8.2 10.2 9.3 9.8 9.2 8.0 9.8 7.1 8.1 10.2 
344 9.5 6.9 10.3 9.7 7.8 9.9 9.6 9.5 9.0 8.6 9.0 
345 8.9 11.1 8.7 9.1 8.7 9.2 9.1 9.3 8.9 8.0 8.4 
346 9.2 7.9 8.7 9.0 8.2 7.9 9.9 8.8 9.5 8.1 8.4 
347 8.4 8.7 9.2 10.7 9.7 9.7 7.7 8.1 9.4 9.7 8.6 
348 9.9 7.8 9.7 8.4 8.1 9.7 10.2 8.5 9.6 9.5 9.9 
349 8.9 9.3 9.4 10.6 10.1 7.9 8.5 8.1 9.1 7.9 9.4 
350 8.9 9.2 9.3 8.3 10.0 9.2 8.7 9.0 10.0 8.9 9.6 
351 9.4 7.8 10.7 8.2 9.4 8.8 11.2 9.3 10.2 9.8 9.0 
352 9.8 9.4 9.3 8.7 10.4 7.6 10.1 7.6 8.1 8.8 8.3 
353 7.6 9.1 11.0 10.0 10.1 9.3 9.1 8.7 8.6 10.2 8.7 
354 10.4 8.0 10.7 9.2 8.1 9.2 9.0 9.0 9.1 8.7 10.1 
355 9.2 8.9 10.1 9.3 9.1 7.9 9.1 8.4 8.9 8.6 9.8 
356 9.8 8.8 10.4 9.3 9.1 10.2 8.3 7.8 7.4 7.6 7.3 
357 8.7 7.5 9.2 8.4 9.7 10.6 8.7 9.7 8.0 9.5 9.7 
358 9.9 9.5 8.6 8.3 9.1 7.6 8.3 8.1 11.2 8.2 7.7 
359 8.3 8.1 8.5 7.5 9.7 7.3 8.6 8.6 10.6 9.0 8.9 
360 8.9 9.3 8.2 10.6 11.1 8.9 8.3 9.6 7.4 7.7 9.4 
361 8.5 9.7 9.1 8.2 8.7 9.8 10.2 9.6 8.9 10.8 8.9 
362 9.0 9.7 9.2 8.1 9.2 10.4 7.3 8.3 9.1 9.1 9.5 
363 8.6 9.7 8.2 10.5 8.9 10.9 9.6 8.7 8.4 10.3 8.1 
364 9.3 7.5 10.7 9.8 9.4 9.5 9.1 9.6 9.8 9.2 9.3 
365 10.0 7.8 8.8 9.1 8.5 7.6 9.0 9.8 9.6 10.5 9.7 
366 9.3 9.5 9.1 9.6 11.6 10.4 9.2 8.6 8.8 7.8 8.9 
367 9.2 9.0 10.0 8.9 7.3 8.1 7.1 11.6 10.5 9.0 9.7 
368 9.6 9.0 6.8 7.6 11.7 9.3 9.6 8.0 8.7 9.4 9.6 
369 10.0 8.7 7.6 9.9 8.9 8.6 9.4 10.5 9.0 8.3 8.5 
370 9.6 8.5 9.6 9.2 8.8 9.8 10.0 9.2 8.5 10.0 8.6 
371 10.5 9.4 7.9 9.0 10.4 8.3 7.1 9.1 10.0 10.4 9.7 
372 10.0 10.1 8.8 8.7 9.6 10.3 8.8 8.2 9.5 11.4 7.7 
373 6.9 9.8 8.5 9.0 8.3 10.7 9.0 9.4 9.5 8.5 8.2 
374 9.9 8.0 8.1 10.5 9.2 11.4 9.0 8.8 10.5 8.4 8.2 
375 11.0 8.1 9.4 7.8 10.8 8.2 8.7 7.9 8.3 7.6 8.7 
376 8.0 11.3 8.8 9.6 7.8 9.8 10.0 9.3 9.4 7.6 8.1 
377 8.5 10.7 10.7 8.5 8.2 11.0 9.4 9.0 9.0 9.3 9.9 
378 8.4 9.9 8.7 8.6 10.3 8.3 9.9 8.4 9.6 10.7 10.1 
379 8.9 8.9 9.0 9.9 11.4 8.9 8.5 7.6 9.6 8.8 9.3 
380 7.8 9.9 9.9 8.9 10.2 7.6 9.5 7.7 10.8 8.5 9.6 
381 10.8 8.5 8.7 7.5 10.3 9.4 9.0 8.3 8.6 10.1 10.6 
382 10.2 10.1 8.1 8.8 7.3 9.2 9.4 7.7 7.7 7.7 7.6 
383 9.2 10.0 9.7 8.5 8.2 9.4 9.2 9.9 9.6 8.5 10.4 
384 8.0 9.5 9.6 8.1 9.6 9.6 9.9 9.8 7.4 9.7 9.0 
385 8.7 9.0 7.5 10.2 10.2 8.0 9.0 8.3 9.4 9.2 11.1 
386 10.1 9.3 8.2 10.1 7.7 8.5 9.9 9.4 11.1 8.3 9.1 
387 9.2 7.8 8.4 8.1 9.8 8.8 9.0 6.9 8.2 8.7 8.3 
388 8.8 9.9 8.1 9.0 11.1 8.6 8.8 11.3 7.7 9.1 9.6 
389 9.2 9.6 9.5 9.1 8.7 9.6 10.7 8.2 9.8 8.8 7.4 
390 10.2 8.3 9.5 9.2 9.0 9.1 7.5 10.6 9.7 8.1 9.3 
391 7.8 7.3 9.0 8.5 9.5 9.4 8.1 7.3 7.5 8.9 8.0 
392 8.8 9.7 8.4 9.6 11.6 8.3 9.7 8.8 12.0 10.0 9.0 
393 7.9 8.3 7.0 10.6 8.8 10.1 9.7 8.6 9.8 8.9 8.8 
394 10.0 7.5 9.6 8.2 9.3 10.8 7.6 8.6 8.1 8.0 8.7 
395 9.8 10.0 11.5 8.6 9.2 10.5 8.6 8.1 9.4 9.1 11.3 
396 9.2 8.2 9.8 8.8 8.7 11.6 9.4 7.9 9.8 8.7 10.8 
397 8.1 9.8 9.6 8.5 8.6 7.9 9.5 11.0 10.0 9.1 7.0 
398 8.0 8.4 7.5 8.0 10.3 9.2 10.1 7.1 8.0 10.3 8.5 
399 10.9 8.6 9.5 7.9 9.6 10.1 8.2 8.7 9.5 9.6 8.0 
400 8.6 7.8 8.1 9.9 10.1 9.9 9.3 8.2 8.7 7.8 9.1 
401 10.3 8.3 11.3 9.5 9.7 7.4 10.4 7.7 10.0 8.8 9.3 
402 8.7 8.9 9.0 8.8 9.9 8.7 10.0 9.9 9.7 8.6 8.0 
403 7.7 9.6 8.5 9.0 9.0 9.4 9.0 8.5 10.1 8.3 10.8 
404 9.0 9.6 10.5 9.0 9.9 7.9 9.8 9.8 9.4 11.0 6.8 
405 10.4 6.8 9.2 10.1 10.2 8.0 10.2 10.4 9.0 8.9 8.5 
406 9.6 8.6 8.2 8.8 9.8 8.1 7.7 8.5 10.2 6.9 8.9 
407 8.0 8.7 10.9 10.1 9.0 11.1 9.8 9.8 10.8 9.9 10.1 
408 8.4 8.5 9.1 11.7 9.5 10.6 9.1 9.7 9.5 9.8 8.6 
409 7.9 8.3 9.8 9.2 8.5 7.4 9.7 9.5 8.4 9.0 10.4 
410 9.6 8.4 10.1 10.9 7.6 9.4 10.1 9.7 11.1 8.4 8.6 
411 9.3 8.2 9.4 9.4 9.7 7.7 9.0 8.2 8.8 9.3 10.1 
412 10.0 8.3 8.0 9.8 10.7 7.6 9.9 9.2 8.1 8.6 8.6 
413 8.3 8.6 8.6 10.4 9.1 8.5 10.8 8.8 8.2 8.4 8.5 
414 8.2 7.0 10.7 8.2 7.7 10.5 9.1 9.5 9.0 7.5 7.5 
415 8.8 9.8 7.8 11.0 10.1 8.7 7.8 10.2 8.3 7.9 10.2 
416 8.5 10.7 10.8 10.3 8.4 8.6 8.2 9.0 8.4 10.2 10.1 
417 7.7 7.8 7.7 9.9 8.7 8.8 7.4 7.9 8.0 8.8 10.1 
418 8.5 7.8 9.9 8.7 8.5 6.9 9.6 10.6 7.6 8.5 8.6 
419 9.1 9.5 8.5 9.2 10.2 9.4 8.0 10.1 8.6 7.6 11.3 
420 8.0 8.5 9.5 8.9 8.1 8.2 9.9 8.5 9.5 9.6 9.0 
421 9.0 8.7 8.9 8.6 8.9 9.1 8.9 10.7 8.7 10.4 9.6 
422 9.4 6.9 9.6 7.8 9.3 8.2 9.8 10.9 9.7 9.8 7.8 
423 8.6 8.6 7.9 10.7 9.2 7.5 8.3 9.4 9.3 9.4 9.8 
424 10.2 10.2 8.5 8.2 10.0 9.1 10.0 9.0 9.6 10.0 8.2 
425 9.4 12.0 10.7 8.8 10.8 8.8 9.7 10.0 7.8 9.6 10.9 
426 9.5 8.6 8.3 9.6 8.6 8.0 8.7 11.1 8.6 7.5 10.2 
427 8.5 7.4 9.6 8.6 8.0 9.9 8.2 9.9 9.5 9.6 10.5 
428 9.0 8.6 8.5 10.1 9.3 8.6 9.4 9.7 9.1 9.5 8.8 
429 8.7 9.8 8.7 8.6 8.1 9.8 8.5 10.0 8.5 9.2 7.3 
430 9.7 9.4 8.3 8.4 9.8 9.7 9.0 8.9 10.2 9.2 7.5 
431 9.7 8.8 10.0 9.1 8.2 9.0 9.8 8.7 9.3 11.1 8.1 
432 8.6 9.0 7.9 7.5 8.8 8.5 9.5 9.6 9.1 8.5 8.6 
433 8.4 9.7 8.7 9.2 8.7 9.6 10.4 9.7 9.1 9.4 10.1 
434 8.9 9.5 10.7 9.4 6.8 8.8 9.3 10.6 9.7 9.0 9.4 
435 9.2 8.3 9.8 8.1 10.2 9.2 9.6 7.7 10.1 8.3 10.8 
436 8.9 10.5 9.0 9.5 7.7 8.6 10.7 8.7 7.9 9.2 8.6 
437 8.0 9.3 8.7 8.5 9.3 8.6 9.7 9.7 8.1 9.1 9.2 
438 10.6 7.9 8.3 8.2 9.5 8.7 10.1 7.5 9.7 8.7 9.0 
439 9.6 9.6 8.4 10.6 8.8 9.5 7.3 8.6 9.6 10.3 10.2 
440 9.5 8.3 8.1 8.0 8.9 8.0 10.9 9.4 8.2 7.7 9.5 
441 8.4 8.5 8.8 9.1 10.4 9.2 8.0 10.1 9.0 11.1 11.6 
442 9.1 8.6 9.7 9.0 9.9 10.0 8.8 9.0 8.9 9.0 10.2 
443 8.2 9.1 9.5 8.5 7.7 9.6 10.2 8.4 10.5 8.1 8.8 
444 9.4 9.1 9.4 8.2 9.7 10.5 9.1 8.5 8.4 8.2 7.7 
445 8.7 9.0 10.1 8.6 11.0 9.8 9.3 9.0 8.8 8.8 9.0 
446 8.7 9.3 8.6 8.7 8.5 9.1 8.6 9.8 8.3 9.4 7.6 
447 9.8 10.1 8.5 10.3 8.2 9.1 9.5 9.2 9.2 9.3 10.4 
448 8.9 10.6 8.4 9.2 8.9 7.5 9.2 9.1 9.1 9.9 9.0 
449 9.2 10.0 8.2 8.3 9.8 10.2 8.6 9.9 11.3 9.8 9.7 
450 8.4 8.7 8.7 10.6 9.1 8.9 7.5 10.0 8.9 8.3 8.7 
451 8.4 10.2 9.9 8.3 9.0 9.8 10.0 8.2 10.7 9.4 7.4 
452 8.6 8.2 8.8 9.7 8.5 10.2 7.4 8.2 9.2 8.9 10.1 
453 10.5 7.5 9.4 8.8 8.2 9.9 8.9 9.4 9.0 9.4 7.5 
454 7.7 8.6 8.6 9.4 9.5 9.5 8.4 8.9 9.0 7.1 9.3 
455 8.7 9.1 7.3 8.3 8.5 10.2 9.2 9.6 9.8 8.8 8.6 
456 10.0 9.7 10.3 9.5 9.9 6.8 8.7 6.1 9.3 9.1 8.8 
457 8.7 9.7 9.7 7.6 8.4 8.3 8.7 11.1 9.2 8.3 8.8 
458 8.6 9.0 8.6 9.8 8.6 8.5 8.8 10.8 9.3 8.7 7.9 
459 8.5 9.0 8.5 9.4 9.1 10.4 8.7 10.3 8.5 9.4 9.5 
460 11.6 8.6 9.2 8.8 8.6 8.8 10.7 7.2 10.7 10.2 10.1 
461 9.1 7.8 9.2 9.3 7.6 7.0 8.8 10.1 9.8 8.8 9.0 
462 8.7 7.8 8.8 8.3 7.8 8.7 8.8 10.6 7.9 9.8 8.1 
463 10.3 10.4 10.3 9.8 10.8 7.6 7.5 9.5 9.8 7.6 8.0 
464 8.0 8.5 9.6 9.8 9.4 8.7 9.0 9.3 8.1 10.1 9.2 
465 8.0 8.8 8.0 9.3 10.0 9.8 10.8 9.6 7.9 9.6 8.8 
466 10.7 9.7 10.0 8.9 9.7 9.1 8.0 7.0 8.5 8.9 7.3 
467 9.5 10.0 7.9 10.5 9.2 10.0 9.1 8.5 10.9 9.2 8.2 
468 9.2 10.2 9.6 9.3 9.2 8.0 8.8 9.0 10.2 8.8 9.4 
469 11.2 9.0 9.0 10.4 9.0 9.6 9.1 9.1 9.1 8.2 8.5 
470 8.2 8.2 8.1 9.2 9.2 9.2 10.0 6.6 8.6 10.3 9.7 
471 7.2 10.0 9.7 8.3 9.0 9.2 8.6 9.4 7.1 10.6 9.7 
472 9.8 7.4 9.4 8.3 8.9 10.2 9.4 9.9 10.6 10.4 10.5 
473 8.9 9.7 8.7 9.4 8.5 10.3 8.1 9.8 9.3 9.1 9.8 
474 8.1 8.5 9.5 6.0 10.2 10.1 7.3 9.6 8.4 9.3 10.0 
475 9.9 8.8 7.5 9.7 9.9 8.1 11.2 8.1 9.3 7.8 10.9 
476 9.4 9.8 8.9 8.5 8.9 9.0 10.8 9.6 10.1 10.2 8.3 
477 8.2 8.9 9.0 11.8 9.0 7.0 7.7 8.9 9.8 10.1 9.2 
478 11.7 11.6 9.5 7.7 11.1 8.0 8.5 10.4 8.6 8.0 8.8 
479 8.9 7.8 8.8 8.5 8.7 9.0 8.6 8.2 8.7 8.3 7.1 
480 8.3 9.2 8.8 8.7 7.8 9.0 7.0 9.5 9.6 8.9 10.2 
481 10.5 9.4 7.8 6.9 8.7 9.5 11.5 9.3 10.3 8.9 8.2 
482 8.4 9.2 12.3 7.6 10.4 9.0 10.2 8.8 8.9 8.2 10.3 
483 9.5 8.0 8.7 8.4 8.9 9.4 8.2 9.7 8.5 7.8 11.1 
484 9.3 8.8 8.4 10.9 8.5 9.4 8.9 8.6 9.9 9.4 10.5 
485 9.4 8.4 11.2 9.3 9.2 10.3 9.0 8.9 9.0 9.4 9.4 
486 8.4 9.2 8.6 8.9 9.8 9.1 8.7 9.4 9.7 8.7 8.7 
487 8.4 10.4 8.2 9.8 9.1 8.7 8.4 7.6 9.3 9.2 9.5 
488 7.6 8.8 8.3 9.2 9.9 9.9 8.2 10.0 7.9 9.1 8.2 
489 9.9 9.1 8.5 9.4 10.0 10.3 10.1 9.3 11.1 9.5 9.8 
490 10.0 11.4 9.8 9.8 8.7 10.1 8.4 8.0 10.6 9.4 10.4 
491 8.9 9.0 8.8 8.7 10.2 9.3 8.1 8.5 9.5 8.7 9.2 
492 10.5 8.7 10.0 8.2 7.9 8.2 10.8 8.0 8.7 10.0 9.9 
493 10.9 9.4 10.6 11.2 8.7 8.5 9.0 9.5 7.8 9.2 10.2 
494 9.5 7.3 8.0 10.0 8.3 9.0 8.7 9.6 8.2 8.3 8.0 
495 11.8 9.7 8.3 9.6 10.0 9.8 9.6 9.7 8.4 11.0 10.6 
496 10.7 10.0 9.3 10.7 9.5 9.7 10.2 11.1 10.1 9.9 9.1 
497 9.1 11.4 8.8 9.7 10.3 10.0 9.0 8.9 11.1 10.8 9.8 
498 9.7 9.4 9.1 9.6 8.2 9.5 10.2 12.3 11.1 10.5 9.0 
499 5.6 4.9 4.1 4.0 5.3 4.7 3.7 5.4 5.0 4.8 3.7 
