0 3.4 5.0 5.5 22.4 40.9 58.0 61.4 70.8 68.0 62.7 85.9 
1 9.0 10.3 10.9 42.9 86.5 111.2 114.7 135.6 122.4 125.4 151.0 
2 10.0 9.8 9.9 37.5 72.6 90.3 105.6 119.8 115.4 111.5 124.7 
3 11.1 9.5 11.3 37.2 68.2 83.3 96.5 100.5 109.9 104.2 116.0 
4 8.2 11.0 10.5 33.5 66.9 72.6 85.8 91.9 97.3 93.3 105.5 
5 9.5 8.5 8.7 36.1 55.2 68.1 91.9 89.3 91.3 84.2 99.2 
6 10.0 8.7 9.6 34.4 54.6 62.7 73.5 81.3 93.5 81.7 86.0 
7 8.2 10.3 8.3 34.7 51.9 62.2 76.2 74.9 88.2 75.6 80.9 
8 8.6 8.0 10.9 33.3 54.7 62.9 71.6 69.4 82.3 79.0 82.6 
9 9.5 8.5 8.6 31.1 51.2 68.1 69.9 70.6 83.3 78.0 79.5 
10 10.2 8.9 8.2 29.1 48.5 58.4 68.6 69.6 81.5 77.7 79.0 
11 9.5 9.3 9.7 33.7 51.3 61.5 66.5 70.1 77.4 77.0 79.8 
12 9.5 8.0 8.2 34.4 53.9 62.1 69.2 68.9 80.5 75.3 76.2 
13 8.4 10.1 10.2 32.4 49.2 59.5 65.2 68.9 78.6 77.3 81.2 
14 8.5 10.3 9.5 31.0 52.5 61.7 67.9 70.4 72.9 79.4 73.6 
15 9.5 8.7 8.5 31.8 50.2 65.2 65.0 71.9 68.7 77.3 75.8 
16 8.5 10.9 9.6 30.0 48.8 60.7 68.7 70.4 72.6 78.1 76.1 
17 8.8 9.0 8.8 32.2 52.4 60.3 66.2 72.5 70.9 78.0 77.2 
18 9.4 8.5 8.2 32.8 54.2 60.0 69.5 72.7 70.5 79.4 76.0 
19 9.5 9.5 9.5 34.5 52.6 63.0 65.4 70.6 74.7 79.5 73.3 
20 8.7 9.4 8.6 32.3 52.5 63.0 65.6 67.6 69.7 77.6 74.1 
21 9.1 9.3 11.1 32.7 51.9 61.7 63.4 73.6 70.9 82.6 78.1 
22 9.5 9.5 9.2 30.8 54.0 59.1 74.4 75.6 67.2 79.2 75.5 
23 7.9 9.6 11.0 33.9 51.8 58.7 68.0 72.2 71.3 77.1 74.1 
24 8.0 8.4 9.4 30.6 52.9 62.9 67.1 72.1 76.5 82.3 71.2 
25 10.5 10.1 9.5 34.6 49.4 61.0 64.9 69.3 74.6 79.1 78.2 
26 9.7 11.1 9.0 30.1 46.8 59.8 67.6 74.7 78.4 78.0 75.1 
27 7.3 9.9 9.3 30.6 56.8 60.6 61.8 72.5 75.2 74.9 77.9 
28 9.5 10.3 8.6 28.9 52.4 60.3 66.3 66.5 68.2 80.3 73.2 
29 9.8 8.7 9.1 33.8 54.8 56.4 72.0 72.2 76.2 78.4 80.3 
30 9.6 9.2 9.3 29.7 52.1 61.4 69.6 69.5 75.2 76.5 72.9 
31 10.8 8.9 9.8 32.9 49.0 59.7 67.1 69.2 76.4 75.0 71.0 
32 8.9 10.2 8.7 28.8 50.6 56.4 68.8 69.6 78.0 85.3 74.5 
33 8.5 9.0 7.5 31.2 52.5 58.3 74.1 69.6 78.8 78.4 79.7 
34 10.9 9.7 9.8 32.0 53.6 59.4 75.2 66.9 75.7 82.2 78.0 
35 8.6 8.9 10.9 29.7 49.4 58.3 73.7 66.8 82.9 79.8 75.8 
36 7.8 8.2 10.6 29.7 50.2 58.9 69.0 72.7 79.6 76.8 72.9 
37 9.0 9.0 8.9 31.6 52.2 54.4 73.3 66.4 77.6 77.3 73.3 
38 8.7 9.5 8.3 29.0 57.3 58.0 72.0 69.8 79.1 76.0 73.7 
39 8.7 9.0 9.1 31.7 53.5 55.4 61.9 72.5 83.6 76.7 77.2 
40 9.5 8.4 8.7 28.2 48.9 57.7 64.8 74.9 76.2 77.9 76.6 
41 8.4 9.9 8.9 28.4 47.2 62.1 69.1 69.5 76.4 78.2 74.3 
42 8.1 7.9 9.6 29.2 48.9 62.4 65.8 68.4 82.5 83.5 76.8 
43 8.3 9.3 8.9 28.3 50.4 58.3 68.4 68.9 81.5 81.8 79.7 
44 8.9 9.0 10.9 28.5 49.6 63.2 62.8 74.4 77.4 82.1 78.2 
45 9.4 7.7 9.6 31.3 44.9 63.7 64.7 66.3 80.1 78.7 72.9 
46 9.5 8.7 9.2 31.6 55.5 62.4 61.3 73.5 72.4 80.9 77.9 
47 9.4 9.1 9.0 28.3 54.1 62.5 67.0 71.5 71.5 78.6 73.2 
48 11.1 8.7 8.8 30.2 50.9 63.8 69.8 73.0 70.5 80.1 77.4 
49 7.2 11.4 9.1 29.1 51.2 62.9 63.9 75.7 75.8 79.2 78.9 
50 9.3 8.7 10.1 32.3 54.3 65.5 69.0 76.6 74.4 79.9 73.0 
51 8.7 8.9 8.6 31.5 52.5 63.0 62.7 76.7 72.1 77.1 72.7 
52 8.6 10.7 8.6 32.3 51.5 62.4 64.7 71.2 75.3 73.9 78.8 
53 8.6 9.1 10.3 27.7 54.6 61.2 62.6 73.7 71.1 76.1 74.7 
54 9.7 9.8 10.3 33.9 52.9 62.7 65.1 74.8 74.0 78.2 81.4 
55 10.8 8.1 9.6 34.5 50.1 63.6 62.3 76.4 66.3 79.7 77.0 
56 8.3 9.4 9.0 32.9 54.3 66.9 66.5 72.1 69.1 73.7 80.6 
57 9.3 8.0 7.4 32.8 49.1 60.4 62.6 74.7 67.5 76.5 74.7 
58 8.6 8.3 9.9 34.7 46.0 62.5 64.4 74.6 72.9 78.2 79.8 
59 8.9 7.5 8.9 32.9 51.3 63.9 67.1 77.9 69.7 82.0 81.3 
60 8.6 9.4 9.1 33.9 49.1 65.1 68.0 69.6 68.3 76.7 78.6 
61 10.9 9.0 9.0 31.8 49.5 64.1 63.7 73.2 72.6 72.2 82.5 
62 9.0 8.8 10.2 32.9 50.4 63.1 63.9 68.7 69.3 75.5 82.9 
63 8.1 8.8 8.6 32.1 52.9 60.7 66.4 75.5 68.1 77.0 85.8 
64 10.3 8.6 9.4 32.9 49.8 59.4 64.5 79.3 68.8 72.9 81.1 
65 9.8 8.8 10.3 31.9 52.6 58.2 63.7 74.1 72.5 75.2 86.2 
66 7.5 10.2 9.0 29.5 45.8 62.8 65.5 78.3 71.5 73.7 83.1 
67 8.3 7.4 11.0 29.5 55.3 65.7 68.0 75.7 76.3 70.3 83.1 
68 7.7 9.9 9.0 29.3 46.0 59.8 69.1 71.6 71.5 69.3 91.6 
69 9.3 9.0 8.0 29.7 50.2 56.9 66.3 73.4 68.2 70.6 85.1 
70 9.6 8.9 7.9 32.1 50.5 60.7 65.5 81.0 71.7 67.9 85.6 
71 9.6 7.6 11.6 31.2 51.2 58.5 70.2 74.0 71.7 71.3 83.4 
72 10.1 6.5 7.6 30.4 48.2 63.9 65.1 74.9 75.0 68.9 82.1 
73 9.0 8.8 9.5 30.5 50.4 61.0 72.2 73.5 72.5 72.6 81.1 
74 9.4 7.7 10.0 30.1 51.8 55.8 66.3 76.0 72.8 75.8 85.6 
75 10.0 9.8 10.8 28.6 45.6 57.6 64.7 75.1 66.2 72.4 84.2 
76 11.3 9.5 10.8 30.2 50.6 58.8 72.1 71.1 73.5 74.4 84.7 
77 9.6 9.2 9.5 31.2 51.4 58.4 66.4 73.7 69.4 74.2 88.7 
78 8.3 9.0 9.6 30.0 54.9 60.1 67.9 74.2 70.2 76.6 84.0 
79 10.4 8.6 8.4 31.0 51.0 60.3 68.4 69.7 70.3 75.8 85.0 
80 9.2 9.1 10.1 32.0 49.8 64.9 63.4 74.2 72.3 78.1 84.0 
81 9.4 8.8 7.7 29.7 50.9 64.5 67.0 69.2 76.2 81.9 79.4 
82 9.2 7.6 9.2 32.5 50.0 56.6 66.2 71.7 70.9 77.8 84.6 
83 9.5 9.6 8.8 31.0 47.2 60.2 65.9 77.5 73.6 80.6 79.4 
84 10.9 9.3 8.2 33.4 51.3 62.0 65.6 70.7 75.0 82.5 81.7 
85 8.2 10.3 10.4 32.0 45.5 57.8 64.2 69.1 75.3 78.3 86.4 
86 10.3 8.5 9.0 31.7 43.1 61.8 61.9 70.2 76.8 84.2 78.8 
87 8.9 6.8 9.4 28.4 48.2 62.1 63.2 70.6 79.0 79.0 85.5 
88 10.9 8.5 9.1 34.9 40.4 64.6 64.4 72.6 70.5 76.1 80.0 
89 8.2 9.0 9.3 30.0 46.4 61.3 68.5 69.2 68.1 76.0 85.2 
90 9.3 9.8 10.6 35.9 49.0 59.2 62.9 70.7 72.9 81.0 88.9 
91 8.6 9.7 9.9 31.1 47.3 62.1 67.7 66.1 80.1 80.5 82.6 
92 8.6 9.8 8.6 29.0 46.6 58.2 65.6 69.3 73.6 79.3 79.8 
93 8.0 8.8 9.3 34.8 46.2 59.2 67.7 69.7 74.8 79.9 79.7 
94 9.1 9.0 9.6 32.1 46.2 64.5 67.6 69.0 73.4 77.6 81.5 
95 8.4 8.1 9.5 33.2 50.0 58.2 65.8 69.1 68.3 78.1 80.3 
96 8.3 8.1 8.3 31.3 46.6 61.7 69.9 70.0 72.4 88.5 75.3 
97 8.7 8.8 9.0 36.8 47.1 61.4 66.2 69.8 70.9 80.6 82.9 
98 8.6 9.6 7.8 28.6 48.9 63.6 73.7 68.7 69.7 81.9 79.1 
99 10.7 9.9 9.5 30.8 51.7 58.4 67.7 72.9 70.5 84.1 77.2 
100 11.5 9.2 9.5 31.9 50.0 60.9 76.9 70.0 69.4 79.5 72.3 
101 8.8 9.9 8.8 32.6 47.2 59.6 77.9 69.0 70.7 80.7 75.3 
102 8.4 11.9 9.4 29.1 50.4 58.5 69.2 72.0 69.8 76.9 74.3 
103 9.4 9.9 8.7 30.8 49.8 57.7 67.9 71.5 67.6 77.8 76.0 
104 8.9 9.8 9.7 30.3 43.6 55.7 74.3 75.4 69.1 82.8 79.4 
105 9.8 9.3 7.7 30.5 50.0 59.7 76.8 78.4 66.6 84.0 79.5 
106 8.4 8.9 7.0 30.0 48.7 60.2 72.6 78.0 69.8 80.2 73.4 
107 8.9 8.0 8.6 31.2 50.5 58.4 73.5 77.4 73.2 74.8 68.7 
108 9.1 9.0 9.8 32.3 54.8 56.4 72.0 77.0 70.0 75.3 77.7 
109 8.6 8.8 9.8 32.5 50.7 58.0 71.8 82.2 75.9 68.3 73.6 
110 10.7 8.1 9.6 31.7 47.3 53.9 66.1 82.4 77.1 75.5 78.0 
111 9.3 9.5 8.8 33.8 50.5 57.0 64.8 75.7 74.6 76.2 80.5 
112 8.9 8.9 9.8 34.6 50.6 59.8 66.5 75.1 78.9 80.5 76.3 
113 9.3 9.0 7.5 33.2 51.1 55.9 66.7 79.9 78.2 74.2 77.1 
114 7.0 9.0 8.8 31.4 49.9 57.0 63.5 76.1 78.4 74.7 72.2 
115 10.4 9.9 7.7 35.4 53.8 60.9 67.4 68.0 80.9 81.2 79.7 
116 9.0 9.2 8.4 35.1 49.8 56.3 66.5 70.7 80.3 73.1 74.0 
117 9.6 8.9 10.1 32.4 47.7 55.8 66.1 73.7 81.9 75.1 74.3 
118 9.6 10.2 9.8 35.9 48.8 56.1 64.4 72.4 77.5 77.5 76.0 
119 10.1 8.5 8.1 31.2 50.3 53.7 67.8 71.1 84.0 73.4 74.1 
120 8.5 9.4 9.4 34.8 48.7 59.6 69.8 70.8 80.3 72.5 73.1 
121 10.2 8.2 10.1 34.0 51.9 55.7 68.3 75.4 80.3 76.2 77.6 
122 10.0 10.1 7.9 37.8 44.9 57.6 71.4 71.8 74.8 75.4 79.3 
123 9.7 8.9 6.9 34.0 50.1 58.2 65.7 78.0 82.9 74.2 77.6 
124 9.4 8.6 9.5 35.0 53.4 60.9 66.3 72.1 76.6 71.6 76.6 
125 9.8 9.0 6.6 33.6 47.4 59.1 64.6 72.7 78.9 80.1 66.4 
126 9.2 8.7 8.6 33.9 45.7 59.4 68.6 77.3 72.5 78.5 72.7 
127 9.7 9.6 8.9 34.4 48.2 59.2 68.0 78.9 74.4 82.2 74.4 
128 9.1 9.3 11.4 31.5 44.3 64.1 64.1 74.9 71.7 80.4 74.6 
129 9.9 7.8 9.7 31.4 47.5 59.2 65.1 73.3 73.2 83.2 75.2 
130 9.4 11.9 7.5 33.2 51.4 61.4 65.4 77.2 71.4 82.5 78.4 
131 9.2 8.3 9.6 34.8 48.9 58.9 66.4 74.1 66.9 79.7 75.6 
132 7.6 9.3 8.7 31.1 48.5 57.8 70.9 76.2 70.0 77.5 82.2 
133 8.2 10.5 7.1 32.5 47.0 60.9 65.0 82.0 70.4 87.7 74.6 
134 8.4 7.5 9.1 29.6 47.3 60.8 66.3 76.6 61.8 82.2 83.0 
135 8.9 9.7 8.6 32.2 48.3 60.9 67.9 74.0 75.9 80.5 81.1 
136 7.9 10.8 8.8 34.0 46.4 54.5 63.8 74.9 68.7 86.1 77.4 
137 8.3 10.3 9.0 30.3 47.6 56.1 65.4 80.4 73.8 80.3 77.8 
138 9.9 9.9 8.4 27.3 49.3 58.8 65.4 80.3 72.4 81.5 74.8 
139 8.6 7.1 8.4 30.8 50.4 63.4 66.7 75.7 72.8 77.1 76.2 
140 12.8 8.7 9.6 29.6 47.4 61.5 68.3 76.3 72.4 77.1 78.1 
141 11.0 9.2 9.5 32.7 47.9 58.9 64.7 76.9 76.8 79.6 77.7 
142 10.8 7.9 8.5 28.8 50.4 59.7 66.3 74.4 77.9 81.6 77.7 
143 10.0 7.5 10.0 32.0 47.7 59.5 62.0 72.3 77.8 84.9 74.8 
144 7.9 10.0 9.5 32.9 46.6 60.9 65.9 73.7 72.5 78.7 78.2 
145 10.1 8.4 8.7 31.7 51.7 61.1 65.4 75.0 71.7 78.3 80.3 
146 8.2 9.1 9.2 29.9 52.7 61.9 65.1 68.9 72.2 72.6 79.8 
147 7.9 10.3 10.2 33.6 49.9 61.4 63.6 66.9 77.3 76.6 77.1 
148 9.7 10.1 9.0 31.6 51.2 61.0 66.3 72.6 75.0 76.5 80.8 
149 9.7 9.2 6.8 30.5 45.3 60.4 67.3 69.3 75.4 77.3 81.9 
150 8.8 10.1 9.3 32.4 48.2 61.3 67.9 67.5 78.5 75.1 82.2 
151 8.7 8.9 8.7 31.8 49.6 62.1 71.2 70.4 77.4 72.5 82.7 
152 7.6 9.5 9.6 32.2 45.4 60.0 70.2 69.6 77.3 76.4 77.3 
153 6.9 10.7 7.9 35.5 46.7 61.0 71.0 69.9 79.5 77.5 83.3 
154 7.7 9.2 8.8 29.9 46.2 62.3 66.1 73.9 73.1 72.2 76.3 
155 9.2 8.4 8.5 35.9 47.9 62.7 67.0 69.8 78.0 74.6 79.2 
156 9.3 8.3 9.6 32.9 48.5 58.2 71.2 71.2 75.5 73.3 82.0 
157 8.4 8.7 10.2 31.2 48.1 62.8 69.1 78.7 77.9 73.7 88.5 
158 8.7 9.7 10.7 32.1 48.5 60.9 70.5 69.4 76.3 73.5 75.0 
159 10.0 9.1 9.0 32.5 47.7 61.4 67.0 70.4 76.5 73.6 81.7 
160 8.2 8.4 9.9 33.5 45.3 59.8 66.4 73.7 79.8 73.5 80.0 
161 8.2 8.2 9.7 32.0 49.7 59.0 66.9 76.8 73.7 72.7 79.5 
162 9.0 11.0 9.0 35.4 46.8 65.3 72.8 73.9 70.2 67.8 86.0 
163 10.6 9.2 8.0 30.6 48.3 62.5 63.3 69.5 75.4 70.9 78.2 
164 8.7 9.8 11.0 33.6 52.3 64.9 66.9 72.4 73.1 69.4 81.9 
165 9.0 9.3 9.6 31.4 45.8 62.2 69.2 71.9 75.3 72.1 79.8 
166 11.7 9.0 9.6 36.0 50.4 61.0 64.7 71.3 73.9 70.8 77.7 
167 7.8 9.1 10.3 34.3 48.1 63.2 66.8 73.5 77.2 82.3 76.3 
168 9.8 9.2 8.3 33.9 52.3 61.3 65.6 69.6 78.6 72.5 77.4 
169 8.4 10.6 9.3 32.9 52.5 65.3 73.2 70.0 74.6 72.2 78.6 
170 9.6 8.9 9.9 32.7 51.9 62.7 64.5 71.0 74.6 75.6 79.4 
171 8.4 8.9 9.0 32.5 49.2 61.3 71.1 69.4 74.0 76.5 80.0 
172 8.6 7.5 8.3 32.0 52.4 59.4 68.4 70.8 72.1 75.4 78.2 
173 9.1 8.9 9.7 30.8 53.7 57.4 68.8 73.6 75.9 76.7 71.5 
174 8.2 8.4 10.2 30.6 51.4 51.8 68.5 69.4 70.6 78.0 75.8 
175 10.2 9.3 10.7 33.0 53.0 59.7 70.7 76.3 74.7 78.1 74.5 
176 7.2 10.0 8.0 35.7 53.1 61.5 68.6 70.0 74.8 75.1 74.1 
177 8.7 10.0 9.6 32.3 54.1 59.8 69.4 73.4 67.8 77.2 78.8 
178 9.9 9.5 8.0 34.0 52.0 59.9 67.1 75.1 69.3 79.1 79.2 
179 8.7 9.2 9.1 35.9 52.8 57.7 67.3 80.1 70.4 77.5 80.7 
180 9.9 7.8 10.0 32.4 48.5 62.9 68.0 76.1 70.0 75.6 78.6 
181 8.6 9.1 9.5 34.0 46.8 60.5 68.6 80.0 73.7 70.1 80.5 
182 9.4 7.6 9.5 31.5 51.8 58.7 69.9 72.5 73.5 74.6 73.9 
183 8.9 8.9 10.0 34.7 56.8 59.1 66.7 70.7 73.0 73.4 81.0 
184 11.0 8.8 10.4 33.7 48.7 62.0 67.9 73.5 73.1 77.3 77.0 
185 9.2 8.4 8.1 36.2 49.7 58.0 64.1 71.8 80.7 75.6 87.6 
186 8.9 8.2 8.6 33.0 46.0 59.7 68.5 74.4 73.0 69.8 80.3 
187 8.9 9.0 8.9 32.0 46.4 59.5 66.0 73.2 76.0 73.1 81.9 
188 9.7 9.9 8.4 32.0 49.5 63.1 69.8 71.6 75.9 71.4 82.0 
189 9.4 8.2 8.1 36.8 45.4 61.3 64.0 69.8 77.7 79.7 73.7 
190 6.9 8.7 9.4 32.5 51.1 59.6 62.5 68.0 77.2 79.1 84.0 
191 9.5 10.2 8.1 34.6 46.9 60.5 65.9 77.2 75.0 71.2 83.4 
192 8.5 8.3 8.9 31.9 51.1 61.4 69.5 75.1 76.1 71.7 80.2 
193 9.8 10.9 9.6 31.1 48.8 61.7 69.3 75.5 79.4 78.6 80.4 
194 7.8 9.7 10.7 32.8 47.1 57.3 70.9 70.1 72.6 72.7 81.3 
195 9.0 10.2 11.3 28.5 46.6 56.1 69.9 69.2 77.6 75.9 82.5 
196 8.9 9.5 9.8 31.4 46.8 58.2 68.9 72.6 75.8 74.4 81.8 
197 10.9 8.6 9.1 31.9 47.5 58.1 68.2 68.4 75.3 81.8 85.2 
198 10.3 8.4 8.7 33.3 45.1 56.4 69.7 76.4 73.9 74.9 80.5 
199 8.7 7.7 8.8 33.0 46.8 57.8 69.9 70.5 79.1 76.4 85.4 
200 7.9 7.8 8.8 30.4 43.9 60.9 63.3 68.9 75.6 75.0 85.4 
201 8.3 9.2 9.3 32.8 49.3 61.3 68.1 73.5 74.3 74.4 80.3 
202 7.2 10.0 9.0 32.8 45.1 59.7 70.2 74.0 74.1 76.2 81.7 
203 9.4 9.6 9.1 32.6 45.0 64.0 65.9 67.3 77.2 76.0 77.1 
204 8.3 8.8 9.7 30.2 45.3 62.4 62.6 71.4 71.4 80.1 81.5 
205 8.0 8.1 9.5 29.5 49.3 66.8 64.6 72.9 74.5 77.6 80.4 
206 10.6 9.7 8.8 31.5 43.5 64.5 68.0 71.4 76.3 78.7 77.3 
207 8.5 10.0 9.1 30.3 44.9 58.2 70.7 68.4 73.7 80.2 79.0 
208 8.3 9.0 10.6 33.1 46.4 59.3 67.6 72.6 77.9 80.7 81.1 
209 7.4 8.4 8.5 33.0 45.9 66.9 62.4 68.1 76.7 85.7 77.9 
210 10.5 10.0 8.6 30.2 43.9 63.6 66.6 66.2 78.7 80.8 79.0 
211 8.2 8.1 9.2 31.5 47.9 64.3 67.1 73.0 76.7 82.6 77.5 
212 8.7 8.9 9.4 33.0 47.1 63.4 63.2 67.6 72.8 79.8 75.8 
213 10.0 9.4 10.0 30.4 49.3 65.2 65.2 67.5 81.3 79.0 78.9 
214 6.2 9.3 11.5 32.2 46.8 66.9 64.2 66.2 76.8 84.3 81.4 
215 10.5 9.5 8.3 29.9 44.9 62.6 60.9 65.5 74.7 87.2 78.3 
216 10.2 9.5 10.3 32.6 48.7 61.2 65.8 67.3 77.9 84.0 80.3 
217 9.1 9.5 9.3 30.0 51.6 62.6 63.8 67.1 77.9 75.1 78.6 
218 8.1 8.8 8.7 31.4 47.0 64.5 63.5 72.1 73.7 76.9 83.0 
219 10.1 8.3 9.0 31.6 47.6 66.1 61.6 70.5 74.4 76.7 82.0 
220 8.4 9.6 9.3 33.1 50.1 67.0 63.9 71.2 75.1 77.4 84.0 
221 8.7 8.0 9.2 31.4 43.9 61.0 66.7 72.1 73.9 75.1 82.1 
222 8.8 9.8 9.3 30.5 49.6 60.5 62.1 71.7 72.8 74.1 86.1 
223 8.8 10.1 9.6 32.6 48.4 59.6 68.6 74.5 74.6 73.8 89.0 
224 12.2 10.1 8.7 30.5 49.0 69.0 63.7 70.4 68.4 73.1 87.4 
225 9.2 8.0 8.5 29.9 45.2 67.4 66.2 66.0 72.5 70.9 87.2 
226 11.3 9.7 8.3 33.0 47.2 62.2 70.1 72.7 69.0 75.5 85.5 
227 9.1 9.4 9.8 27.0 48.4 63.4 62.9 72.1 72.8 69.2 80.9 
228 7.2 9.4 8.9 28.9 49.7 64.4 70.7 69.4 70.5 71.8 84.6 
229 8.9 9.1 8.5 33.3 46.2 63.9 69.6 71.5 76.8 72.9 91.7 
230 8.8 8.2 8.9 34.8 48.6 62.5 68.0 69.6 77.3 71.7 84.9 
231 10.3 9.6 9.4 31.1 45.1 62.1 64.0 67.1 75.0 73.1 86.9 
232 8.2 8.9 7.7 32.2 45.8 66.6 65.7 67.8 75.1 73.5 86.9 
233 9.0 9.6 9.5 31.2 50.7 59.9 66.7 73.0 73.7 79.3 85.7 
234 8.9 8.8 9.0 29.0 46.2 63.2 65.6 65.2 73.2 72.2 87.0 
235 7.2 9.5 10.1 29.2 49.9 60.6 70.8 73.4 74.2 72.4 82.5 
236 9.8 10.6 9.0 31.0 50.5 62.9 69.3 69.1 75.1 76.4 81.0 
237 9.1 9.3 10.1 33.1 50.5 58.5 64.3 71.2 75.8 76.1 79.1 
238 10.1 10.2 8.9 31.6 49.4 59.4 67.4 66.6 70.4 74.3 83.7 
239 8.4 10.6 8.3 30.5 44.6 62.8 71.9 75.8 70.9 83.6 81.9 
240 9.1 10.0 8.3 32.5 45.7 62.2 65.3 73.2 71.7 77.1 81.2 
241 8.1 9.6 8.6 28.3 48.9 59.6 71.5 72.8 70.0 79.1 83.2 
242 9.5 7.4 8.8 32.1 46.0 60.6 75.2 69.8 75.2 79.6 76.4 
243 8.3 8.3 9.3 32.9 46.2 60.9 68.4 73.9 71.6 80.2 81.9 
244 8.1 9.8 10.4 32.3 46.6 62.8 69.2 69.3 66.8 75.7 81.5 
245 8.3 10.5 9.6 29.9 47.4 61.2 72.5 68.3 75.6 79.2 76.0 
246 10.1 9.0 10.7 32.7 45.8 64.6 64.0 73.2 71.4 79.4 85.2 
247 7.3 10.5 9.9 30.6 48.7 62.9 65.0 66.7 68.6 77.9 74.6 
248 10.7 9.2 9.2 30.9 44.3 63.8 68.1 70.4 77.5 75.9 79.0 
249 11.2 9.9 9.1 31.2 46.3 59.8 66.5 67.2 73.2 78.5 82.7 
250 8.2 9.8 8.7 31.3 44.9 58.4 67.3 71.1 74.3 81.3 85.7 
251 8.4 9.9 9.3 32.4 48.4 61.4 63.7 78.7 77.1 82.9 78.2 
252 7.8 9.1 8.5 34.3 44.9 63.3 64.7 67.2 72.5 84.8 79.8 
253 10.0 9.8 8.4 28.1 51.9 59.0 60.3 72.9 73.3 85.2 82.1 
254 9.3 9.7 8.3 30.6 45.6 59.4 61.5 77.0 74.3 78.0 77.0 
255 7.6 9.3 8.6 33.0 49.6 58.5 62.9 76.7 71.8 86.1 80.8 
256 9.6 7.6 10.3 36.1 49.5 56.5 64.7 77.7 72.8 84.3 77.2 
257 8.5 9.1 6.4 28.9 50.1 57.1 62.8 73.8 68.5 77.2 75.7 
258 8.7 9.4 8.1 32.4 50.2 57.1 63.0 79.1 70.9 79.3 80.1 
259 8.4 9.4 9.3 31.4 48.8 60.7 67.9 79.6 73.4 83.3 76.5 
260 8.3 9.0 9.6 32.8 52.3 54.2 69.7 76.8 73.7 82.9 79.4 
261 8.5 8.5 11.2 33.9 47.1 59.2 67.0 75.8 70.1 73.6 77.8 
262 8.9 9.0 9.4 34.4 52.0 63.1 71.1 74.9 76.4 73.1 72.5 
263 9.5 9.4 9.1 32.4 47.0 58.3 68.9 73.4 72.0 77.4 80.4 
264 9.0 9.7 8.7 33.5 51.0 64.0 64.3 73.9 75.3 73.6 81.8 
265 11.4 6.2 9.2 32.9 49.6 63.9 64.5 74.3 78.6 76.4 81.7 
266 7.5 9.7 8.2 31.2 44.3 60.2 67.6 74.7 72.3 78.0 71.3 
267 8.5 9.8 9.2 33.7 47.1 61.4 67.7 69.9 78.9 72.7 79.7 
268 7.8 8.4 9.8 33.7 48.6 61.4 63.2 70.9 79.9 77.4 78.4 
269 7.8 9.3 7.6 30.5 51.6 66.1 64.6 69.8 75.9 76.9 80.0 
270 10.0 8.1 8.7 32.3 47.4 63.2 61.9 73.2 72.4 75.6 79.3 
271 10.7 9.1 10.2 36.2 47.4 63.7 63.5 74.1 74.8 74.3 77.8 
272 9.6 10.2 8.3 36.1 47.9 59.8 67.6 70.5 75.5 75.9 76.8 
273 8.8 9.6 9.9 33.3 50.2 63.1 60.7 67.3 75.4 74.0 75.0 
274 10.0 9.5 9.2 33.2 51.7 64.3 61.0 70.8 72.2 78.4 78.9 
275 10.0 10.1 7.7 32.5 49.3 58.1 59.5 75.1 74.1 76.1 78.9 
276 9.4 9.5 8.3 31.4 49.2 60.7 68.3 75.1 71.4 78.9 77.1 
277 11.4 9.7 8.7 31.1 47.4 59.1 62.0 72.5 76.2 78.5 79.9 
278 7.8 10.0 8.8 35.6 52.5 64.2 67.9 66.2 75.7 84.6 77.8 
279 9.6 9.5 9.9 28.8 49.7 60.5 65.3 67.7 70.7 81.7 75.0 
280 7.8 9.9 7.8 31.2 50.0 62.0 62.9 72.4 77.5 81.1 78.5 
281 8.8 9.4 9.4 29.5 53.6 57.8 69.9 74.9 76.6 81.3 80.5 
282 8.3 9.1 9.7 32.7 48.3 58.0 65.8 72.3 71.5 78.8 78.2 
283 9.6 9.5 11.0 30.8 49.9 62.8 68.1 74.0 66.8 73.9 78.0 
284 8.5 8.0 9.1 30.2 53.8 59.4 71.7 74.5 77.8 78.8 73.1 
285 7.3 9.5 10.8 33.6 49.6 60.1 75.3 74.8 73.0 77.3 76.1 
286 8.1 9.8 8.3 31.7 53.0 61.0 70.1 76.1 70.0 78.7 72.7 
287 8.4 9.3 9.1 32.0 53.3 56.0 68.7 74.3 71.8 75.5 71.0 
288 10.0 7.6 7.3 31.2 56.5 60.5 71.4 71.4 72.5 77.7 71.0 
289 9.0 8.5 10.1 29.5 53.3 58.1 71.3 74.0 72.6 81.5 72.4 
290 8.2 8.8 9.4 31.6 49.4 58.4 70.7 78.4 70.7 75.3 74.2 
291 10.1 9.7 7.4 37.7 47.7 61.4 69.7 80.4 71.1 78.3 75.0 
292 8.6 9.7 8.9 29.5 52.2 61.6 72.5 76.8 75.2 74.1 71.9 
293 9.8 8.7 8.0 30.6 49.1 61.5 67.7 78.0 74.8 77.1 77.6 
294 9.9 9.9 8.9 34.1 49.1 56.7 69.7 78.6 75.6 74.5 77.7 
295 7.6 8.5 9.8 32.5 53.6 61.3 71.0 73.1 75.8 76.4 73.9 
296 8.6 12.3 8.6 30.8 47.7 62.6 63.4 68.9 79.2 74.3 75.7 
297 8.8 9.3 9.2 29.2 49.1 63.4 70.9 68.5 74.3 76.8 78.3 
298 8.9 8.7 8.7 33.8 45.0 59.1 67.3 70.3 82.3 74.0 79.4 
299 8.7 9.1 9.1 32.2 52.3 59.4 71.9 68.0 77.7 76.3 81.3 
300 9.9 10.9 8.4 30.8 46.8 63.6 70.7 67.0 78.9 74.9 75.9 
301 8.0 8.2 10.7 26.8 49.3 68.2 70.6 64.4 76.5 76.5 80.8 
302 11.3 8.5 9.5 30.1 50.9 63.1 67.1 69.2 76.2 76.0 79.4 
303 8.4 9.3 8.1 28.4 49.7 58.1 68.9 63.8 74.2 82.2 80.0 
304 10.4 9.0 10.8 30.6 45.3 63.9 64.7 69.3 81.1 80.8 79.8 
305 9.1 9.5 9.7 29.8 52.1 60.2 72.0 64.7 82.1 74.4 86.3 
306 10.3 8.7 8.1 29.1 51.3 56.6 67.5 67.8 76.8 80.3 76.1 
307 7.8 10.4 8.7 32.8 47.8 61.0 72.0 69.9 77.4 81.3 75.9 
308 9.2 9.1 8.5 31.5 48.8 64.7 63.8 68.9 76.0 86.1 73.9 
309 9.8 8.8 10.4 32.8 50.0 62.1 62.3 68.0 76.4 78.6 81.5 
310 8.9 8.6 8.2 28.8 48.1 65.6 64.7 65.9 79.8 84.1 71.7 
311 10.8 9.5 9.4 28.7 46.6 66.5 64.7 71.5 76.5 80.0 79.0 
312 9.4 7.6 8.5 32.2 47.7 62.3 64.4 65.7 77.8 85.3 80.8 
313 10.6 9.0 8.1 33.7 45.9 59.2 65.0 75.1 73.2 83.1 77.2 
314 10.1 7.8 9.4 31.8 47.3 63.7 64.3 68.5 76.2 82.2 79.8 
315 9.6 8.8 9.8 32.1 49.2 56.2 63.4 70.4 81.6 81.8 78.2 
316 9.7 11.8 10.7 30.5 46.9 57.9 70.0 75.4 78.8 79.9 73.3 
317 7.9 9.0 9.7 34.6 47.6 58.5 66.2 69.7 78.9 80.4 78.8 
318 8.0 9.8 9.5 31.8 43.3 59.3 67.4 70.8 80.6 80.6 70.7 
319 8.8 9.8 7.4 32.0 45.4 60.0 66.9 71.7 82.7 83.1 78.5 
320 10.0 9.0 8.4 34.3 48.0 55.5 65.9 72.4 80.8 77.0 77.4 
321 8.6 10.1 8.6 31.6 48.5 55.7 65.6 74.4 78.7 72.5 69.9 
322 10.0 8.8 8.2 33.3 50.3 55.2 72.6 74.1 78.5 79.9 77.7 
323 8.6 10.1 9.9 35.7 45.4 56.5 69.3 68.5 76.9 75.7 75.4 
324 10.0 9.8 9.7 31.0 49.3 55.8 66.7 74.5 75.5 80.8 80.7 
325 9.3 7.8 8.0 31.9 50.1 55.8 65.2 75.1 74.1 75.7 79.7 
326 8.3 10.4 9.4 32.1 48.8 57.7 71.4 76.4 82.9 75.4 83.0 
327 8.7 9.1 10.5 29.4 47.2 58.9 68.5 75.7 77.5 75.1 81.2 
328 8.8 10.0 8.0 33.8 49.9 59.8 68.8 72.7 79.9 73.3 82.0 
329 8.6 9.6 8.3 28.9 48.6 57.3 72.6 72.8 77.6 76.6 82.7 
330 10.0 8.3 8.8 28.3 48.7 53.2 66.7 79.7 76.4 73.0 82.2 
331 8.2 9.6 7.7 30.5 49.4 57.3 69.6 74.7 80.4 74.6 76.3 
332 9.2 7.8 8.7 31.8 51.7 55.4 66.9 73.8 76.4 74.3 86.5 
333 7.9 8.9 9.2 27.9 51.4 58.2 64.0 72.7 66.3 73.0 84.2 
334 11.1 8.5 9.6 35.2 49.7 60.5 68.2 72.5 79.6 78.3 81.3 
335 9.1 9.2 9.7 30.7 48.6 57.0 67.2 68.2 79.8 79.9 81.7 
336 9.1 8.5 9.1 30.2 47.2 56.2 67.2 68.1 73.0 78.9 81.2 
337 9.0 8.8 9.1 29.1 47.6 60.5 73.1 74.3 79.1 76.6 81.7 
338 9.3 9.7 10.4 28.0 50.1 62.1 69.4 68.5 76.0 81.4 77.0 
339 9.5 8.8 9.3 32.4 48.2 63.2 73.3 72.1 75.1 79.4 77.6 
340 9.2 7.5 7.7 29.1 48.2 62.8 72.5 72.8 78.3 77.3 79.4 
341 7.8 9.1 8.2 31.6 48.6 57.6 63.8 67.4 77.0 76.2 81.1 
342 9.9 8.8 8.0 29.0 51.3 61.4 67.9 68.5 77.4 80.4 79.4 
343 7.8 8.0 9.2 28.0 42.9 63.0 69.7 72.0 73.4 74.9 78.4 
344 8.9 9.6 7.6 31.2 50.2 66.6 69.4 74.2 79.4 70.8 78.4 
345 7.1 11.0 9.2 28.4 49.9 61.6 70.1 74.6 74.9 73.2 72.4 
346 7.0 8.0 10.0 34.0 50.5 66.4 66.0 71.3 79.0 76.4 73.4 
347 10.1 8.7 9.6 31.4 53.2 60.4 64.3 77.2 79.9 78.1 74.2 
348 7.4 8.2 10.6 32.7 49.2 59.2 70.0 73.5 77.9 76.3 72.9 
349 9.3 9.9 10.1 30.2 52.0 61.7 64.2 68.5 78.7 71.9 79.9 
350 8.6 9.0 8.2 32.6 53.0 59.4 61.1 71.3 81.1 70.7 79.6 
351 9.0 8.8 8.0 34.9 52.0 62.8 64.0 72.2 81.9 76.2 79.5 
352 10.4 10.1 8.3 34.2 52.1 59.9 62.0 73.9 77.0 73.0 81.7 
353 10.6 10.2 9.7 31.3 52.0 63.2 61.0 70.5 78.3 75.1 72.0 
354 8.9 8.7 8.6 36.6 48.5 62.7 68.7 71.0 78.6 75.6 76.7 
355 8.9 9.2 10.7 32.4 51.3 61.5 69.2 69.2 80.0 77.4 73.1 
356 9.6 8.8 9.0 33.4 51.5 58.8 69.1 73.5 75.9 74.1 78.3 
357 9.1 8.3 9.3 29.7 51.9 58.4 67.3 69.4 76.3 73.7 79.4 
358 10.3 10.1 9.2 34.2 49.9 60.4 71.3 71.9 75.6 83.0 75.4 
359 8.8 8.8 9.2 33.7 49.0 61.7 67.2 69.9 74.0 79.9 74.9 
360 10.3 8.7 9.1 29.7 52.2 63.5 66.3 71.6 79.9 77.9 73.2 
361 8.4 7.3 9.6 27.9 51.0 59.4 62.4 75.5 67.7 77.2 71.1 
362 8.6 9.6 9.7 33.2 50.7 60.9 68.1 68.8 75.5 82.6 76.9 
363 8.8 10.6 8.7 29.9 50.8 63.9 70.1 69.5 73.2 79.7 78.0 
364 8.6 8.6 8.4 31.5 47.9 63.1 63.8 70.0 71.7 81.5 78.7 
365 9.4 7.4 9.2 33.3 48.7 62.1 68.3 73.9 68.7 76.7 75.4 
366 8.8 9.0 8.6 31.3 50.7 56.7 67.6 75.6 70.8 80.7 82.5 
367 8.4 9.5 9.7 31.3 49.3 59.6 63.9 75.2 72.2 77.0 81.2 
368 9.2 9.5 11.8 28.3 43.2 58.2 68.9 81.5 75.9 77.1 78.3 
369 9.4 8.6 9.6 30.9 49.8 62.4 64.2 76.5 74.1 83.0 82.0 
370 9.0 9.9 8.7 31.9 50.9 57.9 63.3 75.7 71.6 83.1 75.0 
371 9.1 10.3 8.2 30.4 52.6 57.0 65.8 77.4 74.7 78.0 79.5 
372 8.7 9.6 9.6 31.1 48.4 65.3 70.9 76.9 73.7 74.2 81.5 
373 8.9 8.3 9.4 29.6 49.0 60.5 63.1 76.8 68.4 79.3 79.0 
374 10.0 8.5 9.0 31.8 45.1 61.1 66.4 76.1 71.5 75.4 78.5 
375 9.7 8.6 8.9 34.0 47.2 64.2 66.5 79.4 69.6 74.8 80.3 
376 8.6 7.8 8.7 28.9 47.4 65.5 66.8 69.7 70.7 82.4 80.9 
377 9.3 9.3 9.3 31.7 42.6 59.6 62.5 73.7 74.8 80.9 76.5 
378 8.0 8.4 9.3 31.3 46.9 63.0 61.2 75.4 79.4 78.0 76.1 
379 9.0 7.7 9.2 30.5 46.0 64.4 61.0 73.3 72.4 82.1 75.1 
380 8.8 8.3 9.8 29.6 48.0 62.2 64.3 77.5 75.4 80.5 76.0 
381 9.8 10.4 8.1 36.1 49.0 58.8 62.7 68.3 76.1 77.8 76.6 
382 8.7 9.2 8.0 35.8 43.6 58.4 67.3 69.5 73.3 89.3 77.7 
383 8.7 8.8 8.2 30.2 49.8 60.2 65.7 72.4 81.4 82.5 79.0 
384 9.9 9.9 9.4 36.7 46.6 61.2 63.8 70.1 75.9 80.9 81.4 
385 8.7 9.2 8.8 32.5 52.8 58.2 62.3 74.6 78.1 82.6 79.3 
386 10.3 8.8 8.7 33.9 48.3 63.2 67.6 68.6 73.8 81.9 74.9 
387 9.2 10.4 9.2 34.1 48.9 58.6 68.0 67.2 75.8 76.1 72.9 
388 8.0 7.4 10.1 36.4 50.3 61.4 68.1 69.9 72.5 80.8 79.4 
389 8.5 10.3 9.8 34.2 47.5 56.8 67.9 70.6 69.8 85.7 78.0 
390 9.4 9.7 7.3 32.7 53.6 59.7 70.0 71.1 72.7 82.6 74.6 
391 9.5 8.5 7.7 31.7 52.2 57.0 67.6 74.0 76.5 75.9 78.9 
392 9.8 8.4 8.5 31.6 51.5 57.0 65.8 70.7 73.8 73.9 78.4 
393 10.2 9.3 8.7 34.7 51.5 55.5 66.5 70.9 71.2 80.4 78.8 
394 9.3 8.2 9.0 32.8 46.8 58.3 63.8 73.3 74.9 80.7 72.3 
395 10.2 8.4 8.0 32.5 49.5 58.7 65.8 72.9 76.7 80.2 74.1 
396 9.0 9.3 9.5 27.5 47.8 62.0 72.5 70.9 75.9 78.4 78.5 
397 9.4 7.5 10.0 32.5 49.2 56.7 68.0 75.2 79.9 77.9 78.7 
398 7.9 10.5 9.3 30.5 51.3 62.9 69.4 68.1 76.5 78.9 75.7 
399 11.0 9.0 9.2 31.5 44.2 57.1 70.8 70.2 76.6 76.9 81.6 
400 9.2 9.6 9.5 31.8 46.3 60.5 65.0 75.3 81.9 77.2 79.5 
401 11.0 8.7 8.9 29.7 45.0 58.5 67.6 74.9 76.8 76.9 71.5 
402 8.6 10.8 7.7 30.8 51.6 59.5 66.8 71.4 81.5 76.1 77.2 
403 10.4 7.9 9.5 31.2 50.0 62.6 73.4 70.0 79.0 74.1 79.4 
404 10.7 10.6 8.2 30.8 48.2 58.1 67.2 70.5 84.1 81.5 76.3 
405 8.7 8.5 8.7 30.7 52.0 59.6 72.5 68.8 77.4 73.9 76.4 
406 9.8 7.5 8.7 29.2 49.2 59.0 66.3 75.9 80.3 72.0 77.6 
407 9.0 9.3 7.2 31.6 46.7 63.8 64.8 71.3 77.6 75.1 76.3 
408 9.1 9.8 10.2 33.5 46.1 61.8 64.8 69.1 86.4 75.0 80.4 
409 8.9 9.7 11.4 31.0 46.7 61.5 68.8 71.2 78.3 75.5 76.4 
410 7.2 9.1 9.6 32.4 48.4 56.3 73.5 66.6 79.3 74.0 77.1 
411 8.0 7.6 7.7 32.3 46.1 59.3 71.3 66.3 78.1 69.4 80.5 
412 8.8 7.2 9.9 33.0 50.2 57.8 69.9 68.9 80.8 76.3 82.2 
413 10.2 9.2 9.0 34.2 50.6 60.7 67.9 72.5 73.5 74.5 86.2 
414 9.7 7.6 10.5 32.4 49.9 60.9 74.7 69.2 77.0 76.5 86.8 
415 6.5 9.4 9.0 31.6 47.7 62.4 72.7 71.6 78.6 76.3 83.7 
416 6.7 7.8 8.8 30.5 48.2 62.6 68.9 71.9 75.9 76.7 86.0 
417 9.1 9.2 9.4 28.6 54.2 61.4 69.2 71.5 73.2 71.5 73.7 
418 9.5 8.6 9.2 30.7 49.3 61.6 66.1 73.6 72.4 77.9 79.0 
419 8.6 8.3 7.8 32.2 49.3 65.8 69.6 70.1 72.2 78.4 79.8 
420 9.2 9.2 8.8 33.8 47.0 59.0 62.9 71.9 77.7 79.5 76.5 
421 6.8 9.5 8.2 31.1 51.7 64.1 70.1 71.7 76.4 74.7 78.1 
422 9.1 10.1 8.8 29.8 48.6 61.2 62.1 66.4 74.2 77.9 76.7 
423 9.7 9.6 8.8 29.6 52.5 61.5 66.2 71.3 73.8 79.9 78.5 
424 9.2 10.0 8.7 32.2 53.9 58.4 66.5 70.6 75.1 71.8 80.5 
425 9.6 7.3 9.3 28.8 50.4 61.9 62.0 71.8 79.1 76.9 76.1 
426 10.1 9.2 8.8 35.9 49.2 63.1 71.2 66.0 74.9 82.6 77.8 
427 9.5 9.3 9.4 32.7 47.7 65.9 68.1 69.5 78.8 81.1 80.0 
428 10.6 8.8 7.8 33.8 51.9 61.7 65.7 70.2 71.4 78.4 79.6 
429 11.0 8.9 10.3 33.8 50.8 60.6 66.0 69.9 76.2 72.3 77.2 
430 11.0 9.3 9.7 30.3 47.4 58.7 65.9 70.7 77.1 81.4 81.8 
431 7.9 7.9 9.9 31.8 45.8 58.7 66.8 65.3 73.4 78.3 83.0 
432 9.8 9.8 9.7 29.9 50.3 62.5 63.0 66.7 73.8 77.1 79.4 
433 8.2 9.3 8.5 29.4 50.2 58.5 66.3 70.2 81.4 75.0 78.3 
434 7.1 8.0 11.8 33.0 49.8 61.7 63.6 69.9 76.7 75.9 85.2 
435 8.9 11.8 10.0 34.9 47.0 60.5 66.3 64.7 76.2 75.3 82.7 
436 7.9 8.6 7.7 32.3 47.0 56.8 70.2 71.8 72.6 73.6 86.8 
437 9.5 9.7 7.3 30.3 49.9 61.4 62.2 73.8 74.8 72.3 83.6 
438 10.0 8.7 9.1 31.2 47.8 55.2 70.8 70.8 74.7 76.4 83.7 
439 9.3 8.5 9.6 32.3 53.8 61.1 63.3 70.4 77.1 74.3 82.2 
440 12.6 8.7 10.7 30.3 56.8 60.5 65.7 71.0 79.4 72.3 81.1 
441 7.6 8.9 10.1 36.1 52.2 56.1 66.0 72.0 76.5 72.1 80.1 
442 8.2 8.0 8.7 32.4 50.3 60.0 66.6 69.9 71.6 72.1 81.9 
443 10.0 9.1 8.8 32.1 51.7 60.2 64.5 74.5 75.3 72.5 84.5 
444 9.1 10.1 8.4 31.8 51.0 60.5 64.4 71.4 72.8 75.7 80.0 
445 9.9 8.9 9.1 35.5 54.6 63.1 62.1 69.1 74.5 72.9 84.5 
446 8.0 8.4 8.5 32.4 50.1 63.1 64.0 71.4 73.0 81.4 75.0 
447 9.4 9.8 9.2 32.7 45.2 63.7 70.9 78.1 75.2 78.1 76.9 
448 10.3 9.5 8.8 36.0 48.5 64.1 71.1 73.4 70.2 78.4 72.5 
449 8.6 7.7 10.4 35.4 50.8 65.1 69.0 70.5 76.8 74.9 81.5 
450 8.2 8.7 10.0 31.0 47.6 61.9 67.0 73.3 70.2 80.4 80.7 
451 9.1 7.7 9.9 33.2 51.1 65.3 66.0 68.3 69.3 78.5 78.4 
452 9.9 10.2 9.0 33.8 46.8 63.5 65.9 72.3 73.8 75.6 75.7 
453 9.5 9.6 10.5 34.1 49.2 64.4 65.1 69.8 74.3 75.9 74.6 
454 10.3 9.7 6.8 35.5 50.9 64.4 70.0 72.3 74.6 76.2 78.7 
455 11.2 9.2 8.5 31.1 48.8 66.9 62.3 70.5 71.5 76.1 81.7 
456 8.1 8.9 9.5 33.1 48.6 64.7 69.8 68.9 73.6 74.7 76.7 
457 10.2 8.1 8.0 33.2 47.3 62.2 73.1 69.6 69.6 73.8 79.6 
458 8.1 8.1 8.1 29.7 50.0 66.7 72.8 70.5 72.2 72.3 82.3 
459 8.3 9.8 8.0 32.2 49.7 64.7 65.6 65.4 73.6 74.3 83.6 
460 10.6 8.6 9.6 31.9 49.3 61.7 64.4 68.8 73.4 74.8 82.0 
461 8.5 9.1 10.3 32.0 49.2 62.7 62.0 68.3 75.3 72.2 79.9 
462 9.9 9.4 8.3 34.5 48.0 62.1 65.5 68.1 76.2 69.8 85.6 
463 9.1 9.2 9.1 34.4 50.2 57.7 67.0 72.4 78.9 77.5 83.2 
464 8.6 9.1 10.3 29.2 52.5 63.4 68.8 73.1 74.2 71.0 86.0 
465 8.3 9.3 9.7 31.0 48.9 62.2 67.9 73.7 72.3 75.6 76.2 
466 10.6 7.4 8.8 32.6 54.8 58.6 64.4 71.3 73.5 77.6 78.9 
467 8.6 9.2 8.2 32.6 52.2 58.5 66.8 69.3 72.0 77.0 78.6 
468 10.0 8.5 10.6 32.1 51.2 60.8 67.1 70.3 76.4 74.2 78.0 
469 8.1 9.0 10.0 30.7 50.9 61.9 64.0 72.9 74.9 76.5 78.2 
470 9.2 7.4 9.9 29.5 48.0 62.6 62.8 76.3 72.4 78.2 80.7 
471 8.2 8.8 8.9 33.6 48.8 65.9 68.0 70.3 74.5 77.1 79.1 
472 8.8 9.3 9.7 32.5 52.6 62.7 66.4 69.8 72.7 74.4 80.3 
473 9.3 8.5 8.8 30.4 54.7 65.2 65.0 72.7 73.7 78.2 81.0 
474 8.7 8.8 9.9 33.1 47.8 65.5 68.1 73.0 69.0 74.0 78.8 
475 8.3 8.5 8.4 32.5 47.4 60.3 68.1 71.0 77.1 77.8 77.2 
476 10.4 8.7 9.8 32.9 52.3 65.7 64.6 75.7 76.2 71.2 79.9 
477 8.8 8.2 8.2 35.6 47.8 58.7 65.1 70.7 80.5 73.4 79.5 
478 7.6 9.8 9.0 35.3 48.4 59.2 67.7 71.8 73.1 76.2 85.3 
479 9.3 9.2 9.2 32.9 52.4 61.6 61.2 72.4 75.2 75.7 81.0 
480 7.8 8.9 8.5 35.6 47.3 63.5 68.6 72.8 75.7 69.8 82.0 
481 9.2 8.3 8.3 32.3 51.1 59.4 65.8 68.9 77.8 77.3 82.6 
482 8.4 9.4 10.1 34.4 46.3 61.4 64.9 72.0 74.7 78.4 81.9 
483 7.9 8.1 10.1 34.0 46.6 65.3 64.9 71.9 75.3 64.9 85.6 
484 7.2 8.7 9.2 34.7 48.1 58.3 59.4 75.9 77.2 74.4 86.5 
485 7.8 10.6 9.4 30.6 48.2 60.1 63.7 72.8 78.8 78.1 82.6 
486 9.0 8.8 10.3 31.9 50.1 57.5 64.4 72.3 72.6 76.1 86.8 
487 10.8 10.3 10.2 32.4 50.1 62.7 61.0 72.6 71.3 71.5 76.3 
488 9.4 8.3 8.9 34.1 53.8 56.3 64.0 76.6 71.9 72.4 82.3 
489 9.7 10.1 9.7 36.1 53.5 58.9 68.4 77.2 74.2 74.1 80.5 
490 8.6 9.7 10.7 31.5 49.9 58.9 66.8 77.4 76.0 77.7 84.6 
491 9.4 9.5 8.1 32.0 51.9 63.3 67.9 77.4 80.9 76.3 81.7 
492 10.8 9.5 9.3 36.2 53.5 63.6 69.0 77.8 80.1 79.4 77.7 
493 9.5 9.8 9.3 36.0 55.1 70.1 71.9 81.9 87.3 87.7 85.5 
494 7.5 9.8 10.5 39.9 56.4 66.5 76.0 88.2 95.7 89.0 93.2 
495 10.4 8.9 11.2 35.6 57.8 78.0 85.9 96.0 99.6 100.0 95.0 
496 8.7 9.6 9.2 41.4 67.9 87.3 86.8 117.2 112.5 103.6 103.7 
497 8.3 8.5 10.7 47.1 69.1 91.9 95.7 118.4 125.8 117.2 115.4 
498 9.7 9.3 12.5 52.0 80.1 103.1 109.9 131.0 129.5 132.3 129.2 
499 5.0 3.8 4.8 26.7 40.4 54.7 59.7 72.2 75.1 72.0 70.8 
