0 5.4 4.0 5.2 4.6 4.2 5.0 17.0 46.8 84.3 131.4 174.7 
1 11.0 8.0 9.2 10.9 8.7 10.5 39.1 93.8 152.7 251.6 294.0 
2 9.7 11.5 9.7 9.0 11.2 8.1 36.9 85.3 134.2 217.3 261.1 
3 8.3 9.1 9.8 10.4 10.1 8.4 35.5 79.6 130.3 193.6 235.3 
4 11.1 9.7 10.6 10.2 9.2 9.6 34.3 74.0 114.9 176.5 211.2 
5 9.2 10.5 8.9 10.1 11.4 10.1 33.1 68.6 108.8 156.5 200.4 
6 9.2 10.3 11.9 10.0 9.7 8.3 31.6 67.6 103.2 146.6 186.8 
7 10.3 8.0 8.4 9.9 8.4 9.2 31.8 62.0 98.6 146.2 169.8 
8 8.6 9.0 8.6 10.1 9.4 10.8 30.3 60.4 97.3 142.2 171.5 
9 9.6 11.1 9.5 8.5 9.2 7.9 32.0 61.3 86.8 133.2 164.0 
10 8.1 9.1 10.0 9.6 8.0 8.8 32.8 61.0 98.9 135.8 165.3 
11 9.8 9.5 8.9 8.8 9.3 6.9 29.6 56.4 93.6 130.4 170.0 
12 8.2 9.3 8.5 8.2 7.8 8.5 30.5 60.2 96.5 130.0 164.1 
13 10.2 8.6 8.2 8.6 9.4 9.8 29.3 58.7 98.2 134.5 162.3 
14 9.0 8.6 9.3 9.5 8.0 8.8 29.8 58.5 102.9 128.6 168.8 
15 9.1 10.2 9.6 8.3 8.5 10.5 31.6 61.7 101.1 133.5 161.8 
16 9.5 9.7 10.6 10.9 10.0 9.1 30.4 58.1 99.6 132.0 164.1 
17 9.5 7.4 9.3 10.3 7.9 8.0 30.0 55.7 97.0 127.0 163.7 
18 9.7 9.3 8.3 9.6 10.8 8.2 29.9 62.2 94.2 129.2 163.5 
19 10.7 8.7 10.8 9.5 8.5 10.2 29.1 57.4 99.9 123.9 156.4 
20 8.3 8.9 9.7 7.2 8.1 9.0 27.9 58.0 97.5 129.9 167.1 
21 10.4 9.0 9.2 7.6 9.2 8.7 30.6 62.8 95.8 129.4 170.8 
22 8.4 8.7 9.3 9.2 9.6 9.0 30.4 65.8 96.9 126.6 171.4 
23 10.6 9.7 9.1 8.3 8.2 8.8 31.5 67.0 94.9 127.3 166.4 
24 7.2 10.6 7.9 8.8 7.9 6.5 30.6 61.7 95.9 133.2 171.1 
25 8.6 8.7 10.2 10.4 9.0 8.4 30.0 57.5 96.8 123.5 165.9 
26 8.6 9.2 9.4 9.4 9.2 10.1 29.7 63.9 93.5 132.5 171.4 
27 9.1 9.8 8.4 8.1 9.0 10.8 26.4 59.5 96.0 128.6 170.1 
28 10.8 9.1 9.9 8.6 8.9 7.8 28.8 60.6 89.5 130.2 168.6 
29 9.3 10.5 10.0 10.0 7.6 10.1 29.0 58.5 96.2 124.7 166.4 
30 8.2 8.3 10.6 8.3 7.6 8.3 28.3 58.0 103.8 132.4 174.4 
31 8.7 8.9 10.4 8.6 10.1 9.1 28.3 62.3 95.2 127.1 168.9 
32 8.8 8.8 7.5 9.0 8.9 9.6 28.4 59.5 93.9 118.5 166.4 
33 10.4 9.5 10.7 7.5 9.3 9.8 30.3 59.5 96.3 121.7 172.9 
34 9.6 9.7 8.7 9.1 9.5 7.1 29.9 59.7 96.4 131.6 170.6 
35 9.9 7.9 7.3 8.9 8.9 9.3 29.8 61.9 101.0 123.9 177.3 
36 9.0 9.2 9.5 9.1 9.5 8.9 29.2 55.7 97.4 133.4 172.0 
37 9.4 9.6 9.9 8.9 10.0 8.3 33.2 58.3 92.3 123.4 166.1 
38 9.6 7.9 8.7 8.0 8.8 7.7 31.3 60.3 95.7 121.1 166.9 
39 8.4 10.5 8.7 9.0 9.1 7.6 30.7 58.6 98.1 126.4 172.3 
40 9.0 8.6 9.1 9.1 8.7 9.0 29.5 55.6 93.3 127.5 165.4 
41 8.8 7.7 7.4 10.0 10.8 9.5 28.0 62.1 98.0 130.3 168.1 
42 7.2 7.6 10.6 9.0 7.9 9.1 29.7 62.5 100.7 131.7 163.5 
43 8.7 8.9 7.6 9.4 8.8 9.1 29.1 61.2 94.9 131.8 154.2 
44 9.3 10.3 9.9 8.6 8.6 9.9 32.0 65.7 99.5 128.9 167.2 
45 9.6 8.8 8.2 9.3 10.3 10.7 29.3 62.4 96.9 128.5 165.1 
46 8.9 6.7 7.3 9.5 8.0 9.6 27.9 65.7 103.9 132.3 166.0 
47 9.1 9.1 9.1 8.3 9.2 8.9 25.4 59.1 100.5 128.9 166.4 
48 9.8 9.1 10.1 10.0 10.6 10.1 26.5 61.4 97.2 127.3 158.2 
49 9.1 9.6 8.4 8.8 8.3 8.8 29.2 62.3 98.1 121.3 169.1 
50 8.3 9.6 9.5 10.3 8.2 7.7 26.8 63.1 101.3 124.4 160.4 
51 10.1 8.3 9.7 9.6 9.5 8.9 28.4 61.9 102.2 128.7 161.5 
52 9.6 8.7 10.2 10.2 8.8 9.9 26.0 59.9 94.6 129.0 170.0 
53 9.2 9.0 10.3 6.9 8.3 8.6 27.5 60.5 94.0 126.8 170.0 
54 8.8 7.2 9.4 10.6 10.0 10.9 28.7 58.9 94.9 130.2 178.0 
55 10.2 9.7 8.4 9.2 7.8 10.7 27.0 54.9 97.6 121.4 170.8 
56 9.9 9.3 9.6 9.3 8.1 9.2 25.1 60.2 96.2 128.2 171.7 
57 9.7 10.2 9.2 10.8 8.7 8.1 26.9 60.6 96.4 136.3 167.1 
58 9.7 10.8 9.5 9.9 8.4 11.0 28.3 60.4 92.5 118.7 170.7 
59 9.2 8.9 9.4 11.5 7.1 8.6 28.4 56.4 99.2 129.3 167.2 
60 9.9 9.1 8.4 9.7 7.9 8.5 29.5 59.6 93.2 128.8 167.2 
61 7.7 9.8 7.9 9.9 8.8 8.2 30.3 62.4 97.2 129.9 164.6 
62 9.6 6.9 9.5 8.5 9.7 8.9 30.8 68.8 96.1 134.3 164.3 
63 8.9 9.5 10.3 9.3 8.6 8.9 28.0 64.0 93.8 134.4 167.2 
64 7.3 9.0 9.8 7.4 8.2 11.0 28.3 60.7 90.5 137.0 157.1 
65 9.1 8.8 8.8 9.0 8.1 8.4 32.2 63.5 92.7 136.4 159.0 
66 9.3 10.9 9.0 10.2 7.6 10.1 28.4 65.0 98.9 137.9 160.8 
67 9.9 8.5 9.6 8.5 9.9 9.7 33.8 58.7 99.6 135.0 154.9 
68 8.2 8.9 9.6 9.5 7.7 9.9 35.2 61.7 96.7 138.3 151.8 
69 10.2 10.6 9.5 9.7 10.0 9.1 30.7 62.6 99.8 136.5 153.9 
70 8.2 8.0 7.8 8.7 10.9 9.4 29.5 60.3 101.0 133.3 150.2 
71 9.3 9.1 9.7 9.1 9.1 9.3 32.2 64.2 99.7 133.3 154.3 
72 8.6 10.2 9.9 7.9 10.5 9.2 31.9 64.1 97.1 129.8 156.0 
73 10.1 10.4 10.0 10.4 9.0 9.2 31.4 64.5 95.5 132.3 156.1 
74 11.4 8.6 9.0 7.5 7.2 8.0 29.4 65.8 95.5 130.8 166.9 
75 9.7 9.4 8.1 8.8 8.5 8.5 30.2 61.6 97.9 135.7 154.1 
76 8.6 8.3 9.7 9.4 8.9 9.3 29.2 62.4 94.9 134.3 158.8 
77 9.4 10.4 8.2 7.6 10.7 9.3 30.1 60.0 99.4 134.9 161.0 
78 9.0 9.2 8.7 9.4 8.7 9.1 29.9 56.5 92.7 134.3 163.8 
79 9.9 8.0 7.6 9.6 7.2 9.3 30.7 62.7 96.6 135.0 155.1 
80 8.8 9.3 8.7 8.6 9.2 8.3 34.0 59.2 92.1 134.4 163.9 
81 8.3 8.5 9.5 7.9 9.4 7.7 35.6 58.3 94.1 136.0 157.7 
82 8.2 7.5 8.4 8.4 8.2 10.8 28.4 62.0 93.3 140.6 157.9 
83 8.2 8.5 9.7 9.1 8.6 9.3 29.5 63.4 92.8 138.1 161.7 
84 8.7 8.1 6.3 10.4 9.0 9.8 34.0 60.1 87.1 139.7 164.6 
85 8.3 7.6 9.4 9.7 10.1 9.5 28.4 59.1 94.7 143.8 165.9 
86 8.2 11.9 9.4 8.9 7.4 9.6 30.7 57.1 93.2 139.2 171.7 
87 9.1 9.8 9.7 8.4 8.7 9.0 32.2 60.4 93.4 137.5 159.5 
88 11.7 8.9 8.4 9.1 7.5 9.3 27.6 59.9 91.2 137.6 159.8 
89 8.8 9.6 10.6 7.7 7.4 8.1 33.0 61.8 87.0 129.3 164.0 
90 10.2 9.9 9.4 8.3 10.1 10.3 28.8 62.2 90.1 131.9 160.2 
91 9.0 8.2 9.0 8.9 10.6 8.3 29.2 56.8 89.6 133.1 171.2 
92 11.2 10.4 8.5 8.5 9.0 6.9 28.7 62.1 89.8 132.0 173.4 
93 8.1 9.7 9.8 8.7 8.7 8.3 30.9 65.3 95.1 131.2 166.9 
94 8.7 11.1 9.5 9.5 8.3 10.3 28.1 59.1 89.1 132.3 164.3 
95 9.7 10.5 8.2 9.3 9.9 9.0 29.6 59.0 86.6 133.2 174.4 
96 10.7 11.4 9.0 7.9 11.0 11.3 29.0 56.1 95.5 130.6 171.7 
97 10.7 9.5 9.8 9.4 8.8 9.5 30.5 60.6 90.4 127.6 168.3 
98 9.2 8.5 8.4 10.4 9.1 9.0 33.4 57.1 97.3 129.3 167.8 
99 9.1 8.8 8.8 8.7 8.4 7.7 27.9 55.5 101.1 136.9 164.1 
100 9.8 9.7 9.5 9.4 8.1 8.8 29.0 57.1 103.4 139.9 163.1 
101 7.8 7.9 8.7 8.2 7.5 9.0 27.2 58.2 98.7 132.9 158.8 
102 8.8 9.7 7.9 11.2 9.1 10.7 27.7 60.4 103.0 128.5 160.5 
103 9.3 8.1 9.4 11.6 8.4 7.1 29.0 59.1 101.5 140.8 161.6 
104 8.5 8.2 11.4 9.3 8.9 8.4 28.0 63.6 100.5 135.3 150.1 
105 7.9 7.3 6.8 10.3 9.5 7.7 28.6 60.1 102.3 138.0 154.5 
106 9.6 8.9 8.0 9.7 9.1 8.0 26.7 59.9 104.5 131.8 160.8 
107 8.4 8.7 10.4 10.4 9.0 8.9 32.1 54.2 104.4 139.0 151.3 
108 9.3 10.1 9.1 7.5 8.3 9.7 28.4 55.3 104.9 137.3 168.6 
109 8.6 10.0 9.9 8.9 10.1 9.3 28.3 58.2 105.6 138.3 154.6 
110 7.5 9.6 7.8 7.4 8.6 9.3 30.0 62.0 99.6 131.9 154.4 
111 8.7 8.2 9.1 8.1 8.3 9.4 28.9 61.9 101.5 135.9 162.7 
112 8.2 9.6 8.7 9.5 9.0 9.7 30.9 62.9 98.0 129.0 158.6 
113 10.8 9.6 9.5 10.1 9.4 9.3 30.8 59.3 99.7 129.3 162.5 
114 8.1 8.6 8.0 9.1 8.8 9.0 29.4 63.3 95.3 132.6 160.9 
115 9.3 9.4 10.2 9.0 10.5 9.7 30.0 61.0 93.9 129.3 165.1 
116 9.4 9.9 9.3 8.8 9.6 9.9 28.7 62.6 98.4 131.5 158.0 
117 8.1 9.5 9.9 10.0 8.4 10.3 31.9 60.9 93.3 131.9 160.3 
118 9.0 8.4 7.7 9.5 10.1 9.1 29.0 62.2 101.1 126.9 163.4 
119 10.1 9.2 8.6 9.8 9.2 8.5 31.6 63.6 91.9 133.6 165.4 
120 9.2 7.8 9.9 9.1 7.8 10.7 27.7 61.6 97.8 127.2 165.6 
121 7.4 8.6 8.6 10.0 8.7 8.4 31.0 60.6 95.1 129.1 164.5 
122 9.1 8.2 8.8 8.1 12.4 8.1 31.0 62.0 99.3 124.3 168.2 
123 8.1 9.4 7.4 9.7 9.6 9.6 32.3 58.2 102.3 131.1 164.2 
124 7.8 8.7 9.4 8.6 8.7 8.9 33.2 63.0 91.9 128.2 165.3 
125 9.8 8.7 8.4 8.4 8.7 10.0 33.5 67.8 92.8 125.6 167.5 
126 9.0 10.2 9.1 9.4 8.9 9.4 30.1 59.3 96.6 123.8 171.9 
127 8.3 8.1 9.8 9.7 9.3 11.1 29.7 56.0 93.8 134.7 170.6 
128 7.2 10.0 8.2 9.2 8.8 7.3 28.3 61.3 95.8 123.5 166.8 
129 10.0 8.8 10.4 9.4 11.2 8.3 26.2 58.0 90.2 129.4 169.5 
130 9.3 10.5 9.0 11.2 9.9 10.0 30.9 64.9 95.9 127.7 163.2 
131 9.4 9.4 9.8 8.0 7.8 10.0 29.3 55.7 96.3 135.2 165.4 
132 8.5 8.3 7.1 9.7 8.4 10.4 27.6 57.0 93.1 125.5 176.5 
133 9.7 8.5 9.8 9.1 8.5 9.9 31.0 56.8 100.0 128.3 169.2 
134 9.3 10.0 8.5 8.5 9.7 9.2 30.6 57.7 101.0 121.7 171.1 
135 9.8 9.3 10.1 9.7 9.1 8.6 30.6 60.1 95.2 127.2 171.4 
136 9.3 7.6 8.1 11.5 8.9 8.9 29.6 61.6 94.0 124.6 171.8 
137 7.7 8.6 9.8 8.6 8.4 7.6 28.7 60.6 96.2 127.4 167.1 
138 9.1 10.2 10.0 10.2 8.4 9.5 28.1 57.4 96.3 129.2 167.3 
139 8.7 9.5 9.0 8.8 10.2 8.5 29.1 56.2 100.2 134.1 169.6 
140 10.6 9.6 7.0 7.0 9.1 7.5 30.8 63.2 95.1 133.4 165.0 
141 8.5 9.1 8.5 9.2 8.5 8.0 30.0 60.0 92.6 132.6 163.3 
142 9.9 9.1 8.1 10.2 10.5 10.1 31.3 60.8 100.7 130.1 167.6 
143 9.1 8.0 7.6 8.9 8.9 9.9 28.5 60.3 93.5 133.3 162.1 
144 9.0 9.5 9.2 7.4 10.4 8.2 30.9 60.9 94.2 131.6 166.7 
145 8.0 11.2 9.8 10.1 8.2 10.8 26.7 57.0 97.9 133.8 167.4 
146 7.9 8.4 9.6 8.5 9.7 9.4 32.5 63.1 91.7 133.8 163.9 
147 9.2 8.4 8.4 7.4 8.7 8.8 27.2 59.9 96.5 131.8 160.6 
148 8.3 10.8 9.0 10.5 9.1 7.9 30.4 56.9 101.0 131.8 161.1 
149 8.0 8.5 9.4 9.1 8.5 8.8 27.3 59.4 98.7 134.5 157.9 
150 8.9 8.7 10.6 9.4 9.6 7.9 29.4 61.6 97.7 140.8 163.1 
151 9.0 9.5 8.5 9.2 9.2 8.2 30.4 65.0 98.0 131.7 163.0 
152 9.4 6.2 9.4 10.2 8.5 8.9 31.6 59.4 93.6 133.2 163.3 
153 9.5 11.1 9.7 10.4 8.7 8.5 26.8 58.6 99.9 130.9 165.3 
154 8.7 10.1 10.7 10.1 9.6 10.0 31.6 62.6 96.3 130.8 166.5 
155 8.7 8.0 7.6 8.4 9.7 8.4 31.8 61.5 96.8 129.9 161.1 
156 8.6 7.1 10.2 9.2 8.2 8.3 31.4 61.1 96.7 127.5 160.7 
157 9.6 7.8 8.8 8.7 8.9 9.5 32.5 60.4 98.1 133.0 161.8 
158 7.5 9.7 9.5 9.4 10.9 9.9 31.0 59.9 100.8 125.5 165.3 
159 9.3 10.8 7.2 7.9 9.3 8.4 31.6 66.6 102.2 129.3 160.3 
160 9.4 9.9 9.3 9.7 8.4 8.8 26.2 65.1 104.1 125.6 159.6 
161 8.2 10.0 9.9 9.0 8.9 9.0 30.6 63.7 97.6 129.5 162.5 
162 8.5 8.7 7.2 7.9 8.7 8.7 27.8 61.4 97.1 124.4 163.8 
163 6.7 8.8 9.7 8.5 8.4 7.3 28.6 64.6 96.1 137.9 161.8 
164 9.5 10.7 9.2 8.8 9.5 10.3 30.5 58.1 102.0 126.9 155.0 
165 8.1 7.8 8.3 7.4 7.5 9.5 29.2 65.1 98.4 133.8 159.0 
166 10.2 8.5 10.2 10.8 8.3 9.6 28.0 61.8 100.3 131.0 159.8 
167 10.2 8.3 8.9 9.0 10.4 9.8 28.0 59.8 95.2 132.0 160.3 
168 8.7 8.4 11.9 8.7 10.5 10.5 31.2 60.6 100.3 131.8 163.1 
169 9.4 8.2 10.2 9.3 9.6 9.1 27.2 62.0 99.1 130.7 163.5 
170 8.3 9.5 8.7 10.0 9.2 9.1 28.0 55.9 96.2 137.2 161.7 
171 7.7 8.4 9.1 9.0 8.1 10.2 29.8 61.5 97.4 135.4 165.8 
172 9.3 9.2 11.4 8.2 9.3 7.6 29.3 59.1 93.3 129.5 159.8 
173 9.6 8.9 9.4 9.6 8.6 9.4 27.9 70.2 99.7 133.5 161.4 
174 9.2 9.4 8.2 10.2 7.1 10.9 28.4 63.2 98.2 131.9 159.8 
175 9.2 6.3 9.4 9.5 8.7 9.9 30.4 61.3 94.4 136.6 161.2 
176 8.9 8.6 9.0 8.2 9.0 9.6 31.7 61.6 94.5 133.7 168.0 
177 7.9 8.9 8.7 8.0 9.4 8.5 30.7 57.5 92.1 134.1 165.8 
178 9.2 7.9 10.1 7.8 8.8 7.8 33.3 60.8 96.3 135.7 157.0 
179 7.6 8.7 7.2 10.0 7.0 9.1 29.6 63.9 90.9 138.2 155.2 
180 9.0 8.0 8.4 8.7 7.7 11.3 28.4 65.6 95.3 130.8 159.7 
181 8.6 10.2 8.4 9.6 8.4 8.8 32.0 63.9 95.3 138.3 161.6 
182 7.5 9.5 8.9 8.4 9.3 10.5 33.4 61.2 97.2 134.2 156.0 
183 11.3 7.5 7.4 6.7 7.7 10.1 37.3 65.8 97.7 138.2 160.3 
184 8.7 8.8 9.8 8.3 9.2 9.5 32.0 63.0 97.2 131.4 155.9 
185 10.5 9.6 10.1 8.8 8.5 9.7 30.7 63.0 95.5 134.3 158.4 
186 8.9 8.3 7.3 7.5 10.0 8.8 28.7 60.6 100.9 130.6 155.7 
187 9.5 8.7 10.1 8.5 7.7 9.2 27.7 61.2 97.3 132.0 165.1 
188 9.6 9.9 9.2 9.0 10.3 10.0 31.1 59.5 102.3 133.2 154.2 
189 9.7 8.6 10.0 10.1 10.0 9.3 29.7 60.1 107.5 130.7 167.4 
190 10.1 9.3 8.8 10.5 8.9 9.1 30.2 62.6 100.1 137.5 155.7 
191 12.2 8.8 8.3 9.4 9.0 11.0 30.1 59.7 104.6 140.9 151.6 
192 9.8 8.8 9.8 8.4 9.5 9.7 29.2 56.6 101.0 132.4 156.5 
193 8.3 9.3 10.2 8.7 9.0 7.6 26.2 63.6 97.0 132.7 158.1 
194 9.0 8.4 10.1 9.6 8.5 10.3 28.3 64.0 97.5 132.5 160.2 
195 10.4 8.5 8.7 10.2 10.5 8.3 25.3 57.2 97.9 131.9 161.7 
196 8.2 8.8 9.6 7.9 8.4 9.3 27.4 60.4 97.7 135.9 165.0 
197 9.1 8.5 8.7 9.1 9.7 7.2 28.8 60.9 92.7 122.1 169.1 
198 8.2 9.4 7.5 9.6 10.0 9.6 26.6 64.8 89.0 123.5 169.0 
199 8.6 7.9 9.2 8.7 9.0 8.7 30.0 66.2 97.8 127.1 166.9 
200 8.8 8.1 11.0 9.6 9.4 9.1 28.7 62.9 97.2 121.7 167.9 
201 11.9 8.8 8.8 8.9 8.3 9.8 32.1 66.0 99.3 120.7 165.1 
202 7.8 9.4 9.1 9.4 9.0 10.3 27.9 66.3 96.2 124.5 168.1 
203 11.0 10.6 9.6 11.3 7.7 9.8 30.9 70.3 97.6 122.3 166.1 
204 9.0 8.6 8.7 8.6 5.9 11.3 30.4 68.5 100.8 120.8 166.4 
205 8.8 9.9 9.2 10.1 7.9 7.9 27.7 68.3 95.3 120.9 163.3 
206 8.0 8.8 10.5 10.0 9.2 9.0 30.0 62.0 93.7 126.3 162.1 
207 9.0 11.4 9.6 9.6 10.1 10.5 30.5 66.9 98.2 132.5 170.5 
208 7.9 8.6 8.6 8.5 10.1 9.5 28.3 63.8 99.4 129.1 157.5 
209 10.5 9.6 8.7 9.3 10.1 8.8 27.1 68.7 90.9 131.7 156.1 
210 10.1 9.0 9.7 9.2 8.3 9.2 28.6 64.0 96.1 134.1 168.7 
211 7.7 10.8 9.4 9.8 9.9 8.1 30.3 69.6 87.4 141.1 162.0 
212 8.9 8.7 8.8 8.8 8.8 8.6 29.9 66.0 89.2 135.6 162.1 
213 8.2 9.0 7.9 9.6 10.1 9.4 28.2 60.9 87.4 134.7 154.0 
214 8.6 9.4 9.8 10.8 9.8 7.7 29.3 66.2 97.0 133.9 157.4 
215 11.0 9.4 8.8 9.0 10.2 6.7 31.1 63.9 99.6 139.0 157.3 
216 8.3 9.0 10.0 9.2 10.9 7.5 29.2 62.2 96.6 134.7 149.1 
217 10.3 10.1 9.1 9.6 8.8 9.7 31.6 63.5 94.6 134.9 158.6 
218 7.8 8.9 10.5 9.6 7.8 10.6 28.5 57.6 99.8 133.9 153.0 
219 9.0 8.6 7.7 9.2 9.4 10.1 32.8 64.8 103.3 134.6 151.2 
220 9.6 10.1 10.3 9.4 8.0 7.7 29.6 62.8 97.0 135.4 157.0 
221 8.1 8.3 8.7 8.3 8.7 9.9 31.4 62.2 97.0 136.3 154.0 
222 8.9 10.9 7.7 10.6 9.1 8.8 30.4 57.9 97.8 134.1 160.3 
223 9.4 9.2 9.1 8.3 8.9 8.8 29.9 55.4 102.4 137.7 153.5 
224 11.4 8.8 7.4 9.2 9.7 8.9 29.3 55.4 100.7 127.1 160.3 
225 10.8 9.6 8.0 8.7 9.8 9.8 31.6 61.9 98.6 133.5 162.1 
226 9.7 8.9 8.3 8.7 11.4 6.7 31.8 58.4 99.2 137.1 166.4 
227 8.6 9.7 7.5 10.8 10.2 9.2 30.3 59.1 95.8 135.6 163.9 
228 8.4 9.3 8.7 8.6 9.1 7.2 27.3 52.3 99.4 134.6 159.6 
229 8.2 10.1 10.3 9.3 9.8 8.2 32.3 55.4 95.8 129.6 159.9 
230 8.7 9.8 9.8 10.2 9.3 9.1 28.5 54.0 94.2 140.0 171.2 
231 8.0 8.9 10.4 8.6 8.0 9.1 28.7 63.0 99.4 136.9 170.8 
232 9.8 9.5 11.2 9.9 10.0 9.8 29.6 55.6 91.6 140.7 160.7 
233 8.6 8.6 8.4 7.7 9.4 9.8 25.1 57.4 101.9 137.4 158.3 
234 9.4 8.7 9.0 10.3 9.6 9.7 31.2 58.3 91.9 138.8 164.7 
235 8.3 9.4 7.1 8.7 7.6 10.4 29.3 59.9 93.1 133.8 160.4 
236 10.5 10.2 10.1 11.7 10.1 8.7 29.4 59.4 93.5 135.7 168.3 
237 9.4 9.7 10.3 9.4 9.0 8.8 28.7 57.8 93.9 140.0 155.5 
238 8.8 9.4 9.6 10.2 10.2 10.6 27.6 58.3 94.3 128.4 167.9 
239 9.4 8.4 7.5 10.4 9.8 9.4 30.4 60.5 90.4 135.3 168.3 
240 9.2 8.5 8.5 8.9 9.4 8.7 29.7 61.4 93.9 135.0 170.3 
241 7.9 7.1 8.5 8.4 10.4 7.3 27.4 56.4 100.7 135.6 158.0 
242 10.0 9.6 9.9 8.7 8.5 8.6 30.9 60.1 101.8 127.3 157.7 
243 9.3 9.4 7.9 10.6 10.0 9.6 29.8 55.3 98.4 127.6 164.7 
244 9.5 9.8 10.3 8.8 8.2 8.9 33.5 58.0 94.6 132.1 169.7 
245 10.6 7.9 8.6 8.5 9.8 11.6 28.2 56.6 101.6 130.1 158.3 
246 10.8 6.9 9.6 9.3 9.3 9.6 33.9 58.8 96.8 130.5 168.2 
247 10.2 9.1 8.5 9.7 7.8 9.9 28.5 58.1 96.5 136.8 162.8 
248 10.2 9.5 9.2 9.2 7.2 8.5 28.3 55.7 96.1 136.3 159.9 
249 8.3 8.2 8.8 8.7 9.6 7.7 27.1 56.3 92.6 132.1 166.6 
250 8.7 7.5 9.6 8.7 7.9 10.2 28.4 61.7 91.1 137.5 174.6 
251 8.9 8.5 8.4 7.9 7.9 7.5 30.4 59.5 91.1 140.1 170.1 
252 8.6 9.7 10.7 10.1 9.4 8.3 31.4 61.4 89.1 143.8 159.2 
253 8.3 7.8 7.7 9.2 10.1 9.6 31.7 61.9 93.0 141.6 151.8 
254 11.8 7.7 9.3 7.9 9.5 9.5 32.6 64.7 88.8 140.3 155.2 
255 9.9 8.6 9.1 8.6 8.2 10.4 30.2 62.3 97.5 134.3 156.5 
256 8.8 10.2 9.3 8.7 8.9 9.1 28.6 65.8 92.7 130.5 159.8 
257 9.5 10.3 9.0 8.2 9.0 10.6 31.4 60.3 99.0 135.8 160.7 
258 8.0 9.6 8.2 7.0 7.8 9.4 28.0 63.3 96.1 138.9 166.7 
259 6.8 8.4 9.0 9.9 8.0 7.4 29.6 63.2 97.3 133.6 162.7 
260 8.9 9.4 8.5 9.7 7.7 8.7 29.5 62.7 104.9 129.0 163.5 
261 9.6 8.0 10.5 10.3 10.6 8.2 32.5 59.2 99.7 133.3 156.8 
262 9.4 8.6 8.3 8.9 10.1 8.2 29.3 55.8 100.1 131.9 169.2 
263 9.7 7.6 10.3 9.0 10.0 9.0 30.3 56.0 94.4 127.2 164.5 
264 9.0 8.3 9.0 8.0 8.4 9.5 30.8 59.0 100.6 131.3 166.6 
265 9.1 10.8 9.1 9.3 9.7 8.9 27.0 59.4 94.3 136.4 163.4 
266 9.9 9.7 11.5 9.2 9.1 8.3 28.9 59.6 94.1 136.4 157.7 
267 11.3 7.5 9.2 8.7 9.3 8.6 32.1 53.1 96.9 135.2 161.9 
268 8.2 9.5 8.3 9.6 9.6 9.6 31.8 56.3 98.0 135.7 167.0 
269 10.3 9.2 9.3 9.1 9.3 9.6 31.0 56.9 95.9 136.5 169.5 
270 8.3 10.3 8.7 7.9 10.3 8.0 30.2 63.8 93.9 135.1 161.0 
271 8.9 7.8 10.0 10.2 8.9 8.8 31.4 59.3 94.2 133.9 155.0 
272 8.2 8.6 7.8 9.0 9.3 11.8 32.4 57.5 94.3 135.3 162.4 
273 8.8 8.3 8.6 7.7 8.7 8.6 29.3 63.4 90.0 140.5 169.5 
274 8.4 9.6 8.1 8.5 8.8 9.2 29.0 57.6 91.2 136.9 163.0 
275 10.3 7.7 9.4 8.8 8.8 9.0 30.3 67.7 95.4 135.6 159.4 
276 10.4 8.9 9.1 10.6 9.0 9.3 26.7 59.3 89.6 132.6 167.1 
277 9.2 9.1 9.2 9.4 9.4 8.6 29.2 63.6 91.1 129.0 164.9 
278 9.2 8.1 11.1 9.4 10.1 9.1 27.4 67.9 94.8 126.8 166.2 
279 9.8 8.9 8.4 9.1 8.9 9.1 30.9 61.2 97.6 124.0 167.3 
280 9.3 7.0 7.9 8.0 8.7 10.0 32.6 63.3 94.4 132.0 170.0 
281 9.6 8.5 9.8 8.9 9.2 8.5 28.5 62.4 92.8 120.9 168.8 
282 8.4 10.5 9.2 9.6 9.6 9.4 27.4 64.1 96.1 125.8 170.1 
283 9.3 9.6 8.6 9.7 8.8 9.1 26.9 61.6 103.9 124.0 167.3 
284 9.9 7.2 7.3 8.6 10.0 10.6 28.9 60.3 99.4 127.3 163.6 
285 9.3 8.1 8.2 9.9 9.4 7.3 29.0 65.3 102.2 126.4 168.2 
286 9.8 10.4 7.7 9.8 9.7 7.9 30.8 61.8 101.7 126.2 156.3 
287 9.5 10.1 8.3 7.8 9.4 9.3 29.4 61.8 104.2 122.7 160.0 
288 9.5 8.9 9.1 10.3 7.6 8.1 32.0 63.1 104.2 124.6 161.5 
289 8.2 8.4 9.7 10.9 9.6 11.0 28.7 60.1 101.7 132.2 160.6 
290 9.6 9.5 8.4 9.3 9.6 9.2 30.6 57.2 102.6 130.9 159.7 
291 8.4 9.3 8.9 10.8 8.9 9.8 27.8 64.4 101.9 125.4 162.6 
292 10.3 9.6 9.0 8.1 8.9 8.4 28.5 64.3 101.0 126.5 154.3 
293 8.5 9.6 9.9 10.8 8.3 10.9 32.4 65.2 95.2 124.4 163.3 
294 9.6 8.9 10.2 9.7 8.6 7.5 25.1 63.6 107.2 130.9 158.2 
295 10.0 7.9 8.8 8.3 9.6 8.7 30.1 62.9 102.0 119.4 164.3 
296 7.8 8.5 9.0 9.0 10.2 8.2 32.3 57.9 97.8 124.3 167.4 
297 8.0 7.9 9.0 8.6 9.8 9.3 30.1 61.3 101.7 127.3 167.6 
298 8.3 8.2 9.6 9.0 9.9 9.1 31.4 61.5 101.1 122.0 165.7 
299 9.5 10.2 9.3 8.8 8.4 9.8 30.1 56.5 97.5 120.8 164.5 
300 10.2 10.2 8.5 10.9 8.7 9.4 28.0 60.7 96.7 126.7 172.6 
301 8.7 9.2 8.6 8.6 9.3 9.1 30.3 58.2 106.3 120.7 173.4 
302 8.8 8.3 8.3 8.7 8.7 9.7 29.0 59.6 98.8 128.9 173.4 
303 10.2 10.5 7.2 9.3 10.2 10.1 32.3 58.3 93.5 126.1 165.1 
304 8.5 8.2 9.1 10.0 7.5 8.5 29.9 62.2 94.6 126.4 168.1 
305 10.6 9.2 9.9 8.2 9.0 9.4 29.5 62.0 101.5 122.4 171.2 
306 8.6 8.8 8.9 9.9 9.3 7.8 25.7 59.4 98.1 130.1 163.8 
307 9.5 8.6 9.0 10.0 8.2 8.4 28.8 60.5 101.7 125.6 178.4 
308 8.9 9.9 6.7 10.8 9.9 9.1 31.0 54.1 102.5 130.8 166.7 
309 8.8 8.6 8.8 9.9 8.1 8.9 27.1 57.2 95.8 128.6 164.6 
310 8.0 8.6 9.9 9.6 10.0 9.6 30.8 57.4 90.9 132.8 172.8 
311 9.6 9.8 7.3 9.9 8.5 9.4 30.1 58.6 85.9 133.6 172.1 
312 8.7 9.5 9.1 8.9 8.6 10.7 33.2 59.4 92.7 136.4 171.2 
313 10.3 8.4 10.2 7.4 10.6 11.4 29.8 58.9 88.7 135.9 173.8 
314 8.8 8.5 9.3 9.8 7.9 7.3 29.6 60.5 90.5 131.7 167.6 
315 9.2 8.7 9.5 8.2 10.1 10.5 26.7 59.4 92.1 129.6 170.4 
316 10.5 8.1 7.5 7.3 8.9 8.4 29.2 56.9 88.3 130.4 173.6 
317 9.6 9.5 10.5 8.0 9.4 9.7 30.7 61.6 90.9 126.1 170.2 
318 10.3 7.8 8.1 8.1 7.9 8.8 30.3 61.3 93.2 123.7 169.0 
319 11.7 8.2 8.8 9.8 7.8 10.4 28.7 67.9 93.5 120.7 173.0 
320 9.7 9.2 9.2 8.8 7.1 9.8 32.4 67.1 99.6 121.1 168.4 
321 8.5 8.6 9.8 8.4 8.5 7.2 32.4 60.8 99.9 120.5 174.5 
322 8.9 8.8 9.7 10.0 8.8 7.9 28.8 61.4 93.1 119.9 173.2 
323 9.0 10.0 8.1 9.0 9.1 10.2 28.0 64.7 95.3 123.3 166.1 
324 7.1 7.9 9.4 9.9 8.5 8.0 28.2 64.7 102.2 124.4 167.7 
325 7.5 8.7 8.8 8.2 9.0 10.0 25.2 68.5 102.0 126.8 168.3 
326 9.1 10.0 6.8 8.8 7.5 9.7 31.0 63.3 100.7 123.6 169.2 
327 7.9 8.4 10.7 8.7 10.2 9.5 32.1 64.7 107.9 116.4 165.2 
328 9.4 9.4 10.5 7.8 11.1 9.4 28.8 63.8 101.6 122.1 161.5 
329 9.4 10.7 7.2 9.1 9.5 9.9 28.5 56.5 97.3 129.1 169.3 
330 8.6 7.1 9.2 9.0 9.8 10.1 29.6 58.6 103.5 120.4 167.9 
331 9.7 8.7 8.2 10.0 8.7 10.4 29.8 59.7 99.8 123.1 161.7 
332 8.9 8.9 9.9 9.2 8.7 8.1 31.4 58.0 95.7 131.6 159.5 
333 10.2 9.1 10.0 9.4 8.7 10.2 29.5 57.7 100.5 128.1 165.3 
334 9.8 8.3 8.0 10.3 8.5 9.4 30.2 54.2 101.9 124.6 172.6 
335 9.8 9.0 9.2 11.2 8.4 10.2 28.3 60.6 97.3 135.6 170.2 
336 8.9 8.4 9.6 8.7 9.3 7.9 30.4 56.7 91.3 134.6 178.2 
337 9.0 8.7 9.3 8.2 8.1 9.7 28.9 61.9 93.4 127.0 164.5 
338 9.4 7.7 8.8 8.1 8.3 8.1 31.9 61.9 94.1 133.3 169.8 
339 9.0 8.7 8.9 8.7 10.5 8.4 28.3 60.5 93.4 129.4 167.5 
340 10.2 7.8 8.7 9.1 9.6 10.4 28.9 58.4 96.0 133.8 169.1 
341 9.8 8.2 8.3 9.0 9.3 7.3 29.9 59.4 92.5 127.8 162.2 
342 8.5 11.0 10.2 10.7 10.7 9.7 29.3 59.7 92.7 137.1 166.6 
343 7.2 8.2 7.3 9.7 8.5 9.5 31.0 60.3 88.6 130.0 164.6 
344 10.8 9.7 9.4 7.5 10.5 9.2 30.8 65.3 93.8 129.3 168.3 
345 9.6 7.6 9.4 9.3 8.1 10.3 32.6 62.1 90.9 135.3 164.5 
346 9.3 9.0 8.7 7.5 6.7 9.6 32.6 61.9 91.7 134.5 162.7 
347 10.1 7.8 9.2 9.5 9.7 9.6 31.1 61.9 93.7 141.5 164.7 
348 10.6 8.7 9.1 9.6 9.6 7.7 33.7 58.4 95.4 131.2 169.9 
349 10.9 9.2 9.3 9.0 9.8 9.1 30.5 57.4 96.2 134.7 156.9 
350 10.3 8.7 9.1 10.9 9.6 8.0 30.8 56.4 90.6 138.4 159.0 
351 10.3 9.3 8.0 10.8 9.3 9.1 28.9 64.0 94.6 134.6 164.7 
352 10.2 8.4 8.8 9.7 9.2 9.7 27.6 57.7 91.6 139.3 166.4 
353 8.9 9.8 11.1 9.6 9.5 9.5 32.5 57.9 92.6 131.9 163.9 
354 9.7 10.8 8.3 7.1 8.6 9.5 29.8 61.6 88.6 134.7 164.4 
355 8.2 9.0 9.6 8.1 10.3 7.5 28.4 61.4 101.1 136.0 163.6 
356 8.8 9.3 9.4 8.4 8.9 8.4 29.3 61.5 88.2 133.8 169.0 
357 8.4 8.9 9.3 7.4 9.2 8.6 29.2 64.2 86.7 132.2 163.7 
358 10.4 11.6 9.1 10.1 10.0 7.9 32.8 60.3 91.6 135.4 171.9 
359 9.0 10.5 9.2 8.8 10.1 8.9 29.2 59.7 88.1 133.1 165.4 
360 10.4 10.4 9.9 7.4 11.3 9.9 28.6 60.6 90.0 128.3 164.8 
361 8.9 9.9 9.2 10.3 8.8 7.6 31.1 62.9 84.9 133.8 166.1 
362 7.4 9.2 8.3 9.6 10.2 7.8 33.2 63.2 93.1 139.7 169.3 
363 9.7 9.9 7.2 7.4 8.4 9.5 29.8 61.8 88.2 133.8 165.8 
364 9.4 8.6 9.3 8.0 9.1 8.7 31.1 60.2 83.5 140.5 168.2 
365 9.7 9.0 7.8 9.2 8.5 9.9 28.0 62.6 89.1 137.4 167.1 
366 11.0 9.3 8.9 8.8 9.4 8.9 30.1 60.9 83.6 143.0 166.9 
367 9.7 9.2 7.7 10.5 8.6 9.4 31.9 57.0 87.3 133.7 160.7 
368 9.8 10.2 7.7 9.4 9.8 9.3 33.2 60.8 88.4 137.7 168.8 
369 9.8 10.5 9.5 11.2 7.9 8.8 31.1 63.2 90.5 135.7 161.7 
370 8.2 10.3 8.3 9.8 9.0 8.6 29.8 66.5 83.0 139.2 166.4 
371 9.5 10.3 7.0 8.5 9.2 10.0 31.0 62.8 88.1 133.5 162.0 
372 8.8 9.9 10.2 7.0 8.6 7.9 27.6 59.5 88.1 135.1 170.5 
373 10.2 7.4 7.1 8.6 8.0 8.5 29.4 61.1 88.2 131.2 169.1 
374 10.3 9.9 11.3 8.3 8.2 9.8 28.8 65.2 89.4 133.5 171.6 
375 9.2 10.1 9.9 8.6 9.0 9.4 27.4 66.1 88.7 125.6 176.7 
376 9.0 7.2 7.7 9.4 9.1 8.4 28.4 63.1 92.3 134.5 163.7 
377 8.5 9.5 10.1 9.9 10.1 12.3 29.8 62.7 93.0 133.4 168.6 
378 10.7 7.6 9.1 8.2 7.0 9.1 27.6 64.1 95.3 129.1 167.8 
379 8.8 9.2 8.7 10.8 7.1 9.0 27.9 62.1 90.7 129.2 164.1 
380 10.3 8.0 6.4 9.8 9.7 8.1 29.3 61.2 92.6 125.4 171.1 
381 7.4 8.5 9.0 10.2 8.7 9.1 29.0 57.3 92.1 126.9 180.9 
382 9.8 8.8 10.5 8.7 10.4 9.4 26.8 60.1 92.3 130.2 172.6 
383 9.2 8.4 11.0 9.8 9.4 9.2 28.5 58.8 92.4 124.6 175.4 
384 8.7 8.3 7.4 9.1 11.6 8.9 32.5 59.0 92.0 122.8 170.1 
385 9.2 9.6 9.6 10.3 7.7 9.7 28.3 58.9 92.2 129.9 179.2 
386 9.2 9.0 9.7 9.2 6.8 8.8 27.8 54.5 85.7 131.2 178.5 
387 10.2 8.4 9.9 10.0 10.8 8.6 33.2 63.0 94.0 127.7 177.6 
388 6.4 9.1 9.7 7.9 7.8 8.4 31.1 60.4 94.6 117.5 173.8 
389 10.6 7.9 9.9 9.7 7.7 9.2 34.7 55.7 95.3 117.7 172.0 
390 8.0 9.9 10.2 9.4 10.3 7.9 33.4 62.5 95.6 118.2 164.5 
391 8.1 10.0 9.6 9.3 8.9 8.7 30.8 59.6 99.4 123.0 165.7 
392 10.6 8.3 8.3 9.6 9.5 7.7 31.3 58.3 93.8 123.3 173.6 
393 7.3 9.3 9.8 9.0 7.2 7.0 30.5 63.9 96.0 121.8 165.3 
394 11.7 7.5 9.2 9.2 7.9 6.8 30.8 62.8 98.8 125.2 164.1 
395 9.3 9.6 10.1 10.2 9.7 8.5 30.9 62.3 97.7 129.5 173.3 
396 9.0 11.4 7.8 6.9 11.3 9.3 31.2 66.7 96.6 131.0 160.3 
397 8.6 9.2 8.9 9.2 9.2 8.5 31.1 68.3 100.2 125.4 160.4 
398 7.0 7.9 10.5 9.8 8.9 10.7 29.6 62.8 98.3 129.2 157.2 
399 7.4 10.9 8.3 9.8 10.0 7.6 32.8 64.6 96.0 126.6 154.4 
400 10.9 9.7 9.4 8.7 9.9 10.5 32.6 69.5 93.5 135.0 164.4 
401 8.2 9.4 10.3 10.1 8.8 9.5 29.7 64.6 95.6 135.1 158.0 
402 9.0 8.1 7.9 9.8 8.9 10.9 29.3 63.6 93.2 133.3 154.3 
403 11.3 9.2 8.5 9.7 8.2 8.5 31.1 59.0 95.3 134.3 155.7 
404 10.8 10.8 8.9 9.1 7.2 8.8 29.5 62.0 96.1 139.2 155.2 
405 8.9 9.8 9.2 7.9 6.5 9.7 28.4 58.1 95.7 137.9 161.2 
406 9.0 9.3 10.3 8.9 8.9 8.5 30.4 64.5 98.9 131.2 154.8 
407 8.1 9.2 8.3 9.0 9.3 8.1 31.5 59.3 92.1 133.8 165.4 
408 9.0 9.4 9.1 10.3 9.2 8.6 32.9 64.7 99.4 139.1 152.5 
409 9.2 9.7 8.5 10.1 10.5 9.8 32.6 61.5 94.6 144.5 152.2 
410 7.8 8.4 10.6 8.2 9.4 9.6 27.4 60.5 100.5 143.4 144.0 
411 8.3 9.2 9.7 7.7 9.5 9.0 28.2 60.6 108.5 130.5 156.2 
412 7.3 8.4 8.8 10.3 9.2 8.4 29.5 58.3 104.0 134.0 152.7 
413 8.6 9.2 8.2 8.5 10.8 9.5 29.3 58.3 101.9 140.2 153.9 
414 8.3 9.2 8.9 8.3 9.0 9.4 27.8 59.3 102.3 140.8 158.0 
415 8.5 8.1 8.0 8.5 9.2 12.1 26.5 58.5 97.8 141.6 158.1 
416 9.0 7.5 8.8 9.2 9.0 7.7 31.5 60.5 100.5 135.1 155.1 
417 9.1 8.5 9.0 9.0 10.3 10.0 29.9 61.7 98.0 133.2 159.6 
418 9.3 9.0 8.4 10.6 10.9 8.9 29.9 60.0 102.6 133.9 147.6 
419 11.5 8.1 8.3 9.9 10.5 9.8 27.8 58.7 100.1 133.6 158.5 
420 10.2 10.5 9.4 10.0 9.4 7.4 28.2 54.7 97.6 138.1 162.4 
421 10.1 9.3 9.5 7.6 9.2 10.0 26.7 63.7 95.8 133.1 158.8 
422 9.0 9.0 8.2 9.0 9.1 9.7 29.2 62.9 100.1 136.1 162.9 
423 8.3 8.1 9.1 7.5 9.6 8.6 29.1 58.0 87.1 140.3 159.5 
424 8.2 10.6 11.3 9.3 8.4 8.8 29.9 60.6 92.3 137.3 168.6 
425 8.9 9.9 9.3 9.3 9.1 8.0 29.9 62.2 91.3 130.1 167.8 
426 8.9 8.1 8.2 7.8 9.2 9.1 29.4 61.6 92.6 133.9 164.9 
427 8.5 9.4 9.6 7.9 9.0 7.7 30.1 67.0 93.3 131.5 173.4 
428 8.3 10.1 10.1 8.5 8.8 9.8 31.4 65.4 92.0 127.0 167.9 
429 8.4 10.0 9.4 8.9 9.6 10.0 29.1 67.1 89.5 121.7 166.9 
430 8.8 9.3 9.6 10.3 7.6 7.1 28.6 62.0 93.8 131.4 173.5 
431 10.5 8.7 6.5 10.1 9.5 9.5 30.2 61.9 89.2 131.8 167.8 
432 10.2 7.5 10.1 9.4 7.0 8.4 26.6 67.3 93.5 125.4 160.8 
433 8.3 8.3 11.5 8.6 9.1 8.2 28.0 70.6 94.7 124.1 167.0 
434 9.4 10.2 8.6 10.3 10.6 7.4 28.2 64.6 95.6 134.1 164.2 
435 8.2 10.1 11.0 7.7 9.2 10.3 30.9 62.8 97.5 127.6 156.2 
436 9.3 9.3 9.4 9.6 7.2 9.3 32.6 63.6 92.0 129.4 169.4 
437 9.4 10.7 9.2 10.3 11.1 9.1 30.9 59.5 94.8 125.9 162.6 
438 9.2 8.8 7.3 9.7 8.4 9.1 31.6 57.8 95.0 132.5 166.3 
439 10.8 8.5 7.8 9.6 10.0 8.5 29.6 61.4 95.1 132.0 168.8 
440 9.7 9.1 8.3 8.4 9.1 6.9 31.0 57.6 99.1 131.5 161.8 
441 8.2 8.1 8.0 7.7 8.8 8.6 27.7 54.8 100.3 136.4 168.2 
442 10.3 9.3 8.3 7.7 8.1 9.0 31.0 60.3 96.0 132.6 167.3 
443 7.8 10.3 9.2 9.5 8.7 9.2 26.8 60.7 99.9 127.8 161.7 
444 10.9 8.6 8.5 8.3 9.0 9.0 29.2 58.8 95.0 133.9 159.0 
445 11.1 9.7 8.0 8.8 8.6 9.1 32.3 59.8 106.1 135.9 160.5 
446 8.5 9.6 8.1 10.9 9.1 8.8 28.8 59.1 96.1 126.5 163.0 
447 9.7 8.6 10.1 8.9 10.6 11.0 30.1 54.4 97.9 133.1 163.2 
448 9.6 10.1 9.2 8.8 8.7 8.0 28.6 61.6 99.2 135.5 163.7 
449 9.7 6.6 9.1 8.5 8.8 8.3 27.7 60.7 103.7 131.9 164.2 
450 7.7 8.5 10.1 9.1 6.8 8.5 28.1 59.5 102.0 136.6 156.7 
451 9.6 10.9 9.1 8.7 9.6 9.7 28.8 61.9 95.5 126.8 167.5 
452 9.1 9.2 9.3 10.2 8.8 8.9 31.8 56.1 98.5 134.1 163.1 
453 7.3 8.7 8.5 9.7 8.2 7.8 26.5 59.3 96.7 133.0 160.2 
454 8.2 8.9 8.5 11.0 9.4 9.8 28.3 60.2 97.9 133.8 153.3 
455 8.8 10.2 8.9 7.7 9.6 10.0 30.5 57.1 98.6 139.7 151.2 
456 8.7 10.5 8.3 10.4 9.4 8.5 30.3 57.0 97.9 144.2 159.8 
457 9.6 10.0 8.2 9.4 9.4 7.6 28.0 60.8 93.8 137.5 160.5 
458 9.5 8.6 8.9 10.0 8.7 8.6 29.3 62.2 96.0 138.6 158.1 
459 9.7 7.9 8.9 8.1 10.3 11.1 26.6 59.5 96.1 140.2 155.9 
460 7.6 8.2 10.8 10.7 9.0 10.2 29.1 62.7 94.4 130.8 157.7 
461 10.5 9.9 8.8 9.1 7.6 8.8 31.5 62.6 94.8 136.9 159.5 
462 9.4 10.8 7.7 8.4 8.6 9.8 31.4 68.7 95.2 132.5 157.5 
463 7.2 9.8 6.8 8.7 8.9 8.1 30.8 65.9 96.0 131.3 156.3 
464 7.8 8.4 9.8 8.8 10.7 9.2 30.8 62.7 97.9 129.8 162.3 
465 6.9 8.5 7.8 9.3 8.0 8.5 33.2 65.1 95.4 134.1 162.5 
466 9.1 9.0 10.1 8.5 9.1 8.6 30.2 67.2 100.1 130.7 154.0 
467 9.0 8.1 8.8 9.4 10.0 8.5 28.4 62.4 98.4 130.2 151.1 
468 10.6 6.7 10.3 10.3 8.7 9.0 32.4 61.5 96.2 131.1 163.6 
469 9.5 7.9 10.2 9.4 9.6 10.4 29.3 63.4 95.2 126.9 157.3 
470 11.6 8.4 8.3 11.2 9.8 9.3 28.7 65.9 104.9 138.3 156.6 
471 8.9 10.3 6.5 8.8 7.9 10.3 30.0 64.4 97.7 126.6 152.5 
472 9.3 10.4 8.6 9.5 8.9 8.4 29.7 64.8 92.4 128.2 162.4 
473 9.1 8.9 9.0 8.9 8.8 10.1 30.8 62.6 94.1 135.8 162.7 
474 8.1 8.0 9.2 8.9 7.6 9.3 28.7 66.0 99.1 135.1 162.9 
475 8.4 8.2 8.2 8.5 8.9 9.6 32.1 62.7 94.9 127.8 159.9 
476 9.8 9.2 9.7 9.7 9.9 10.2 30.2 67.2 88.8 128.7 166.0 
477 9.6 9.9 8.6 9.4 8.9 9.0 32.3 61.7 98.3 138.3 161.6 
478 8.0 10.2 8.1 8.8 9.9 7.6 28.6 64.5 91.4 126.8 165.0 
479 9.8 9.9 9.5 10.4 9.2 9.4 29.5 64.9 94.1 133.6 159.8 
480 8.8 10.1 7.8 9.8 10.7 10.0 28.4 65.3 93.2 133.9 160.7 
481 7.2 10.1 8.9 11.3 8.3 8.9 31.7 65.5 97.4 125.4 154.2 
482 9.1 8.1 9.7 8.5 8.6 11.0 30.8 65.6 96.5 131.5 154.1 
483 8.7 10.0 10.3 9.2 9.3 9.8 31.0 60.8 94.5 133.6 154.3 
484 10.7 8.9 7.5 8.5 6.9 9.3 31.0 63.6 96.7 131.3 164.5 
485 10.9 8.7 8.5 8.7 7.9 9.4 31.2 66.5 95.5 126.1 164.8 
486 10.0 9.4 7.7 8.3 8.4 9.5 28.2 65.4 98.6 131.9 161.4 
487 8.5 8.1 10.4 7.3 7.7 9.3 30.8 64.1 98.6 128.7 164.3 
488 8.7 8.9 8.5 9.6 8.6 7.5 33.0 58.1 95.9 134.2 170.7 
489 9.6 9.4 9.4 9.1 10.3 9.2 31.0 58.9 98.9 136.0 165.8 
490 10.6 9.4 9.0 8.5 11.0 8.4 29.5 60.5 94.2 126.0 161.6 
491 8.3 9.3 7.8 8.9 6.7 8.7 29.2 64.9 93.4 136.4 172.3 
492 8.6 9.5 10.6 10.3 9.9 10.0 32.5 63.9 97.1 138.3 171.3 
493 10.4 8.5 8.8 8.6 11.5 7.6 30.2 63.8 104.5 153.6 185.4 
494 9.0 10.1 9.3 9.0 11.1 9.7 32.1 70.4 106.7 158.7 210.1 
495 10.3 8.7 9.6 9.0 9.6 10.8 37.8 66.7 121.7 171.2 216.4 
496 9.2 9.7 11.3 9.3 10.5 8.7 37.3 73.5 132.0 198.3 251.1 
497 8.3 11.1 11.3 9.5 10.3 9.4 36.3 68.8 141.1 229.0 274.4 
498 10.3 8.1 9.5 10.5 10.0 9.2 39.8 81.6 150.6 240.8 297.1 
499 6.4 4.4 5.5 4.4 5.2 5.1 23.7 41.5 86.5 132.3 172.4 
