0 7.9 48.1 50.4 58.6 54.0 49.0 57.5 50.9 56.7 51.5 53.4 
1 9.1 48.7 55.0 56.3 53.4 48.5 55.8 53.7 55.9 50.7 58.3 
2 9.2 47.9 52.2 57.2 51.1 49.4 57.5 56.5 47.6 54.7 53.5 
3 7.8 51.1 48.5 55.9 53.5 52.0 55.6 49.3 53.9 54.7 57.3 
4 9.7 49.7 57.1 58.3 48.8 50.5 55.0 47.2 57.0 51.2 56.3 
5 8.1 49.8 52.1 58.8 50.6 52.6 55.6 53.9 57.3 55.1 49.8 
6 9.3 50.4 51.2 56.0 50.2 52.0 60.7 53.6 48.4 52.2 57.1 
7 8.8 51.3 50.5 53.4 51.0 52.6 52.4 53.5 57.5 51.1 50.8 
8 10.3 52.9 56.4 54.0 54.9 52.3 52.2 54.5 51.2 52.6 49.5 
9 10.5 53.1 55.6 54.6 54.5 55.9 55.9 51.2 55.4 47.9 56.8 
10 9.4 50.9 51.7 52.4 52.7 53.5 52.3 51.2 55.7 52.3 51.0 
11 8.9 50.5 53.2 55.3 50.6 55.3 53.3 50.7 54.9 47.4 50.3 
12 10.0 51.7 51.9 56.1 48.8 53.8 53.9 52.8 54.7 51.2 53.3 
13 9.1 50.4 58.6 58.9 52.0 53.6 53.1 53.0 58.0 50.4 58.1 
14 9.6 52.0 51.0 55.2 56.0 53.0 50.6 45.5 57.6 49.0 54.2 
15 9.1 54.6 55.2 53.4 52.4 52.8 50.4 51.1 59.2 55.4 54.0 
16 8.7 52.3 51.9 56.2 55.1 55.7 51.1 51.1 57.2 52.6 46.4 
17 9.7 48.4 54.1 52.0 55.9 51.2 52.4 48.4 54.1 52.5 57.3 
18 9.1 56.1 49.9 52.7 53.6 50.3 55.4 48.5 59.5 51.8 53.7 
19 8.7 49.7 51.7 53.6 53.8 52.2 59.6 48.4 59.8 56.3 49.2 
20 9.5 52.2 55.9 51.3 53.9 53.8 54.8 50.8 57.1 48.9 52.9 
21 9.2 52.2 49.4 52.4 49.6 54.2 55.6 52.4 64.1 50.1 55.0 
22 9.3 53.5 48.9 54.8 55.6 54.7 51.7 48.6 54.1 51.9 52.6 
23 11.0 52.0 56.3 49.7 52.4 58.0 60.5 48.6 55.2 54.7 54.5 
24 10.3 49.8 50.6 54.5 52.0 52.8 52.0 50.6 54.7 54.3 55.5 
25 9.7 51.6 49.6 54.0 53.2 53.3 55.1 54.6 56.9 50.6 52.7 
26 8.9 55.5 54.7 53.7 52.6 58.6 54.3 47.9 52.1 50.2 52.2 
27 8.3 53.2 47.4 55.5 47.1 56.7 54.5 52.3 55.0 52.9 52.9 
28 8.6 54.1 50.6 51.6 50.7 52.1 51.3 53.7 57.0 56.8 60.4 
29 9.1 49.1 50.2 54.2 52.1 56.7 50.8 51.8 56.4 56.1 51.6 
30 9.3 48.2 49.9 55.0 58.1 53.0 51.4 52.0 54.2 52.0 53.6 
31 6.7 49.0 49.6 55.0 58.1 56.4 50.6 52.6 56.9 55.1 53.1 
32 8.5 51.9 50.5 52.4 50.7 56.0 50.5 55.7 52.6 55.8 54.3 
33 8.4 52.6 48.0 56.0 59.3 55.5 56.1 52.0 54.1 48.8 49.1 
34 9.6 48.8 50.6 54.9 60.8 55.3 54.5 53.6 54.9 54.7 52.3 
35 8.6 49.5 48.4 56.4 57.3 53.2 53.4 53.4 52.1 53.6 55.3 
36 8.7 50.7 49.4 54.9 57.2 54.7 49.3 49.0 51.5 51.4 55.8 
37 7.2 52.9 51.8 49.5 53.4 54.5 56.0 47.8 53.1 52.2 55.1 
38 9.9 50.0 49.3 54.2 54.0 53.0 54.2 52.4 50.2 54.6 61.6 
39 9.0 49.2 51.2 54.8 55.4 53.1 55.5 50.9 51.8 53.3 52.1 
40 8.3 50.1 56.0 54.2 50.9 53.0 55.2 52.6 53.4 53.6 52.8 
41 9.0 47.4 50.1 51.4 56.3 55.1 59.0 54.1 52.7 54.7 47.0 
42 9.1 43.9 49.4 54.8 59.3 59.6 57.8 55.3 51.9 54.3 51.5 
43 10.6 45.8 53.6 53.0 59.1 51.7 56.6 50.3 52.9 59.0 52.9 
44 7.7 50.7 48.6 54.8 49.9 56.1 54.5 53.3 50.3 52.8 56.9 
45 10.0 47.9 51.4 57.0 55.6 53.1 56.0 53.9 53.2 52.7 55.5 
46 8.4 50.4 53.7 56.4 57.4 54.6 54.5 51.6 51.5 53.7 50.5 
47 8.2 48.2 49.0 53.2 53.8 54.4 58.2 53.6 51.1 53.9 49.3 
48 9.8 48.3 52.4 55.8 52.3 53.2 56.1 54.3 57.0 53.4 49.3 
49 8.4 47.8 49.5 59.1 53.5 51.4 60.4 54.6 53.9 54.6 49.7 
50 9.4 50.9 50.2 52.1 55.8 52.5 54.8 54.4 52.3 56.7 52.2 
51 9.6 46.6 56.6 61.8 58.9 51.4 59.1 54.0 49.7 57.3 55.1 
52 9.2 45.0 50.0 56.6 56.2 51.8 56.0 52.3 52.4 55.5 52.9 
53 6.9 49.7 55.9 56.0 48.0 48.0 52.0 56.6 55.0 56.3 50.0 
54 7.8 46.6 51.1 55.2 52.3 52.2 50.8 56.7 50.0 52.6 52.4 
55 7.3 48.6 48.8 52.6 52.4 51.9 57.8 54.1 55.4 59.2 55.1 
56 9.0 44.9 51.0 55.1 55.1 49.0 50.4 54.9 54.7 58.0 51.7 
57 9.4 46.7 52.3 56.7 59.4 54.1 55.0 58.5 53.2 61.2 52.4 
58 10.2 48.8 49.1 53.8 55.0 49.0 59.5 57.5 51.7 57.3 51.6 
59 7.7 46.4 48.9 53.4 53.6 53.2 51.7 56.5 56.5 59.3 52.1 
60 9.4 43.7 51.3 56.1 58.8 51.0 53.8 54.3 56.2 57.2 54.7 
61 7.7 43.4 49.2 53.5 52.7 50.7 51.9 56.7 53.5 57.5 54.5 
62 7.6 46.3 53.8 56.5 56.1 57.3 54.9 52.5 59.2 55.7 51.9 
63 9.6 44.8 44.8 55.8 54.0 55.2 50.4 58.5 59.3 55.1 58.4 
64 8.5 43.4 52.0 54.7 57.9 55.4 54.5 53.3 58.5 49.3 54.2 
65 8.4 40.1 51.9 54.4 50.8 54.0 54.5 55.9 58.6 54.7 54.9 
66 7.8 43.6 51.6 56.0 50.1 54.7 53.8 54.7 56.1 53.1 58.9 
67 9.1 43.5 56.3 54.7 51.0 57.4 55.8 54.2 51.5 52.2 57.5 
68 9.4 43.4 52.7 55.8 53.4 61.3 55.1 57.7 51.8 52.1 55.2 
69 10.2 42.4 56.3 53.0 54.6 52.5 53.6 56.1 54.4 52.5 59.0 
70 9.8 39.7 52.4 52.5 49.0 56.8 57.8 51.9 51.4 55.3 56.0 
71 9.7 42.8 49.3 54.2 52.1 54.3 56.4 56.9 49.6 56.2 53.0 
72 7.6 42.5 56.0 54.8 53.7 56.9 56.6 54.3 55.4 52.7 56.3 
73 9.3 41.6 58.5 55.1 55.9 56.9 51.0 61.5 51.4 54.7 54.0 
74 7.8 39.7 51.4 51.4 55.4 57.3 55.6 54.4 53.7 55.5 51.7 
75 10.1 38.2 51.2 54.1 57.1 54.6 54.3 59.1 54.6 56.6 52.9 
76 9.1 40.6 52.1 54.9 55.8 50.0 57.4 57.6 56.5 53.8 52.9 
77 6.8 42.4 51.6 50.2 59.0 54.1 52.0 52.5 58.7 56.2 50.4 
78 11.1 40.5 51.0 52.1 54.4 55.1 59.0 51.3 57.4 58.7 56.6 
79 8.5 42.3 53.8 49.5 55.4 56.2 55.8 48.2 57.0 54.4 55.8 
80 10.7 38.3 49.6 50.1 56.2 55.5 54.7 55.0 57.6 54.5 55.4 
81 9.1 37.3 51.5 49.8 58.7 54.2 59.0 55.5 62.0 58.3 51.3 
82 11.6 38.1 52.8 52.5 56.4 55.3 57.0 55.0 55.1 52.9 50.8 
83 9.8 38.7 49.6 50.8 58.1 52.4 56.0 52.3 54.1 58.2 52.9 
84 8.8 39.2 53.1 50.4 54.6 58.7 56.6 52.7 52.2 58.3 51.5 
85 10.4 39.9 50.8 50.4 57.7 54.8 58.3 54.0 59.2 53.5 54.3 
86 10.3 34.3 51.6 51.4 56.1 58.9 58.0 59.3 58.1 55.1 54.2 
87 7.7 35.6 47.7 50.9 53.7 54.9 61.2 53.1 58.3 54.4 59.9 
88 6.3 36.6 50.2 50.2 55.0 59.4 56.8 56.3 58.8 55.2 54.9 
89 9.8 33.2 49.3 49.2 58.7 52.7 59.1 60.7 58.1 51.7 56.0 
90 8.4 37.6 45.9 51.0 49.2 54.4 60.2 58.4 62.5 59.3 56.2 
91 9.9 34.3 51.4 50.3 57.5 53.6 57.3 59.2 60.6 51.1 60.4 
92 9.0 37.8 47.3 50.9 52.8 52.4 59.4 61.9 57.7 54.6 57.1 
93 9.0 29.8 50.0 51.4 55.2 52.9 60.3 57.6 57.7 53.1 57.1 
94 10.4 30.5 49.6 43.2 56.1 51.9 58.8 61.1 58.2 52.2 62.5 
95 9.2 31.4 52.3 53.6 55.3 54.2 56.1 61.7 59.7 57.3 59.8 
96 9.8 30.4 46.2 52.0 57.3 54.2 58.5 62.0 60.5 55.9 58.7 
97 8.0 28.3 47.5 51.8 54.6 54.9 54.7 58.8 63.1 55.8 62.8 
98 8.5 28.3 48.2 54.1 57.5 57.0 61.6 59.8 61.1 51.9 57.6 
99 9.1 29.6 46.1 53.8 54.0 52.2 57.2 64.0 64.8 53.7 57.7 
100 8.2 30.1 47.8 58.9 60.2 51.1 59.4 61.0 56.5 50.8 50.7 
101 9.5 28.1 46.2 50.8 51.3 51.1 57.2 64.6 64.3 57.2 57.0 
102 10.3 23.3 49.2 51.5 52.6 52.9 58.5 61.2 60.1 53.6 56.5 
103 8.7 29.2 46.8 54.5 59.8 52.2 56.1 60.4 59.5 55.0 56.3 
104 9.5 25.2 46.6 50.6 56.8 54.0 55.6 62.9 60.6 56.2 56.1 
105 11.7 25.7 48.5 55.7 58.2 55.9 54.9 62.4 60.2 55.6 56.7 
106 9.5 20.4 50.2 53.8 54.5 59.2 54.9 66.9 56.7 57.8 58.4 
107 8.3 26.3 46.9 51.9 55.1 59.9 58.2 60.5 59.0 56.3 56.0 
108 8.8 23.8 46.4 51.3 57.3 59.8 54.2 60.0 57.1 58.4 58.7 
109 8.2 21.7 47.2 48.1 55.8 56.6 51.9 59.1 59.6 54.6 64.5 
110 8.2 20.8 51.2 58.0 52.3 56.3 53.4 60.2 59.9 54.6 61.3 
111 8.7 23.4 51.0 60.4 59.9 56.0 54.1 58.4 57.7 59.0 59.8 
112 9.2 21.1 46.8 58.7 57.2 60.2 58.8 58.9 58.4 55.6 66.8 
113 11.5 21.9 50.2 51.2 61.6 57.7 56.6 59.4 58.9 56.4 61.1 
114 10.3 20.0 43.8 55.0 51.0 61.2 55.9 59.3 58.6 56.7 63.5 
115 6.3 16.7 48.1 55.1 56.5 59.0 52.5 59.8 57.4 57.0 65.0 
116 10.6 17.3 45.2 55.6 58.1 55.6 58.9 59.9 63.4 60.5 62.6 
117 8.6 19.6 47.6 54.5 57.0 54.6 55.8 62.6 58.4 62.3 61.1 
118 9.0 20.5 45.9 53.1 53.4 61.6 56.1 66.0 59.2 58.6 62.1 
119 9.8 16.9 49.5 56.4 57.6 56.9 55.6 53.2 56.4 61.4 59.4 
120 9.7 16.4 45.2 52.7 54.2 60.6 61.0 56.0 59.4 64.7 61.1 
121 7.6 16.8 44.3 52.6 59.1 59.3 57.0 55.3 59.0 64.1 57.3 
122 8.6 13.9 45.5 56.6 58.7 59.8 56.4 60.7 56.3 66.8 60.6 
123 7.5 15.7 42.3 54.0 55.4 61.0 59.6 59.2 58.0 60.2 62.9 
124 8.5 16.7 44.5 52.8 56.2 61.7 58.7 57.1 61.7 65.0 64.3 
125 8.7 14.4 43.4 54.6 54.9 65.4 57.7 62.1 60.8 62.2 54.8 
126 9.3 14.5 42.7 50.8 60.3 59.9 60.6 58.2 62.4 64.1 56.8 
127 8.4 14.6 43.6 52.8 55.2 60.0 58.9 58.3 62.6 58.4 63.3 
128 10.3 13.2 46.6 52.0 53.5 62.8 60.7 59.5 59.5 61.9 58.2 
129 11.0 16.4 42.2 51.2 58.9 63.4 55.9 62.0 64.0 58.3 60.3 
130 7.4 13.4 42.6 57.8 61.3 60.7 56.7 57.5 64.0 62.6 57.7 
131 9.8 12.7 47.2 50.8 56.4 58.3 57.7 56.4 65.0 62.1 59.7 
132 9.0 11.3 43.4 54.8 57.4 64.5 63.0 55.2 62.6 59.3 59.0 
133 9.1 14.0 45.4 52.0 51.6 65.5 55.7 59.6 64.7 62.8 62.6 
134 9.8 13.6 43.3 51.8 58.7 72.5 62.6 59.2 63.6 64.0 64.5 
135 10.0 11.5 41.3 51.4 53.3 61.2 60.8 57.6 61.3 59.7 60.1 
136 10.1 10.9 42.2 53.8 58.0 59.6 61.2 55.7 65.1 61.2 67.8 
137 11.1 11.3 39.9 44.5 52.7 59.2 60.7 60.2 61.0 63.1 57.4 
138 9.8 9.7 41.8 48.0 58.8 63.4 60.2 59.9 64.6 61.2 63.4 
139 11.3 8.6 41.8 46.9 60.6 63.2 60.3 58.6 64.7 61.4 58.4 
140 9.5 10.3 40.9 52.9 57.4 60.4 62.0 60.4 64.3 59.8 66.0 
141 9.7 10.1 39.4 53.8 56.3 57.2 59.8 63.8 64.9 67.1 67.0 
142 8.7 10.6 37.7 48.8 59.5 58.8 57.2 63.7 63.4 66.0 65.3 
143 8.1 8.3 36.2 53.1 60.2 58.1 60.0 62.5 62.3 65.4 64.9 
144 10.5 10.7 37.7 51.5 61.5 57.0 59.9 64.3 63.4 63.3 68.0 
145 8.3 10.0 34.9 53.1 58.1 56.8 63.9 61.4 67.5 61.6 66.4 
146 9.1 9.5 34.9 51.7 61.7 59.4 60.2 57.4 60.1 61.5 66.3 
147 8.4 7.6 35.0 52.5 57.2 58.2 62.4 62.3 65.3 65.5 66.4 
148 10.5 8.2 34.4 54.7 60.3 59.3 60.8 64.6 65.2 69.0 67.7 
149 8.1 9.8 35.2 51.0 56.1 57.8 59.4 61.0 64.6 65.6 63.1 
150 9.6 9.0 37.4 49.2 56.8 61.3 59.6 61.0 60.9 66.4 66.9 
151 7.9 8.6 32.8 53.9 60.0 60.7 56.8 62.6 57.5 70.3 66.3 
152 8.7 9.8 31.0 55.4 52.3 60.2 56.0 59.5 63.0 66.4 71.2 
153 10.3 8.2 34.3 51.3 58.6 67.6 64.6 62.2 60.6 67.8 67.0 
154 8.4 8.5 33.2 52.7 53.9 65.6 64.4 61.1 59.8 66.5 63.9 
155 11.2 8.9 33.0 51.4 57.1 61.5 63.4 62.7 69.6 66.6 69.5 
156 8.5 8.7 33.1 47.7 61.5 60.0 61.2 58.3 65.0 64.0 59.7 
157 9.0 7.1 34.0 51.4 55.0 62.3 63.5 60.3 68.7 65.9 66.8 
158 8.0 10.3 35.1 47.8 59.8 58.1 60.0 58.3 68.7 63.9 69.2 
159 8.4 9.6 32.2 48.7 59.9 60.2 62.2 59.0 66.6 65.1 65.1 
160 10.2 8.2 30.9 44.2 60.6 65.2 64.4 61.8 64.6 67.5 63.9 
161 9.0 9.2 33.0 51.6 60.8 63.3 57.8 60.4 68.1 64.9 70.2 
162 10.9 10.1 32.8 48.0 59.3 61.6 60.7 61.6 67.7 67.0 65.2 
163 8.6 8.0 33.7 46.5 54.7 65.6 61.9 66.7 64.8 64.8 65.4 
164 9.0 9.6 34.8 45.9 56.0 62.2 59.5 62.9 66.1 61.5 62.7 
165 9.5 9.1 34.2 43.6 61.4 66.4 60.5 67.7 71.5 67.2 70.7 
166 9.1 9.2 31.6 44.1 57.5 63.1 63.9 67.4 67.7 68.7 65.0 
167 9.1 8.4 29.6 44.4 58.4 61.0 60.7 63.6 64.2 63.2 60.1 
168 9.5 8.2 30.9 44.3 55.5 63.1 56.4 67.8 67.9 60.7 67.0 
169 9.2 9.9 29.5 46.6 59.9 64.0 58.0 59.3 61.9 67.7 65.6 
170 8.5 9.8 27.5 45.0 59.2 69.1 57.6 72.4 69.2 66.8 66.6 
171 8.3 9.6 26.0 40.6 61.8 62.5 58.0 63.1 69.1 68.3 69.3 
172 9.7 8.5 30.5 42.4 62.8 62.3 59.4 64.5 68.0 63.8 64.9 
173 8.3 9.0 29.7 44.9 58.4 64.9 58.4 65.8 64.2 65.5 66.9 
174 11.1 9.1 28.2 46.1 62.5 64.0 60.6 66.6 64.4 69.5 61.6 
175 8.6 9.1 31.0 45.6 58.8 64.7 58.0 63.1 62.4 73.7 63.2 
176 9.3 10.8 29.0 45.0 57.0 62.3 56.4 63.4 70.7 74.3 66.6 
177 9.8 9.3 29.6 43.7 57.4 64.6 58.7 63.2 67.6 77.5 69.2 
178 7.3 9.9 28.7 44.4 57.0 64.5 59.9 65.7 65.2 76.6 63.9 
179 8.4 8.7 26.3 44.4 57.4 62.6 58.9 65.6 62.4 72.0 63.5 
180 8.9 8.5 26.0 41.3 56.2 63.6 60.6 65.0 69.6 73.6 64.5 
181 9.3 8.3 26.4 45.3 59.0 61.4 57.3 66.9 68.5 72.2 67.8 
182 7.7 8.3 25.7 39.2 50.2 60.3 61.9 66.7 70.8 72.0 62.7 
183 8.9 10.7 25.8 40.6 59.4 58.8 62.2 65.0 71.7 77.5 69.7 
184 9.4 11.0 28.9 40.8 58.4 60.9 60.8 70.1 71.5 71.3 67.0 
185 10.1 9.2 21.9 44.6 53.4 58.8 64.6 68.2 66.3 74.3 69.8 
186 8.5 8.3 26.7 38.7 56.3 63.3 64.6 66.7 70.4 72.2 67.8 
187 10.2 8.6 24.7 41.3 55.2 64.7 66.4 65.0 68.7 73.1 74.7 
188 9.5 10.0 23.1 40.0 54.8 60.8 66.2 66.7 70.4 68.8 67.3 
189 10.3 8.5 20.5 40.1 53.0 61.9 65.0 67.7 71.1 74.6 69.9 
190 8.8 8.6 19.6 41.4 55.7 59.6 66.4 65.1 70.4 70.3 71.8 
191 7.1 9.2 23.0 40.1 58.1 60.9 62.0 61.9 70.1 72.8 70.7 
192 7.3 8.1 21.5 39.6 51.4 64.0 70.4 70.2 69.4 72.1 73.1 
193 10.0 7.8 19.3 41.7 53.6 55.5 68.0 70.4 69.6 69.0 69.5 
194 8.1 9.1 21.1 39.2 51.4 58.3 69.5 72.3 68.1 71.0 74.9 
195 8.1 8.1 20.9 39.8 50.2 59.5 67.3 67.7 69.6 75.3 78.1 
196 9.9 8.2 19.0 39.6 48.8 62.4 70.2 65.9 69.1 70.5 74.5 
197 8.5 8.2 18.3 36.5 47.6 57.7 66.8 64.9 68.4 75.7 73.1 
198 8.2 9.2 17.9 42.0 50.4 58.2 65.1 68.8 67.6 72.6 76.0 
199 9.3 8.7 17.4 36.6 54.9 59.9 69.6 66.8 71.9 73.4 75.2 
200 10.1 9.7 17.0 39.3 49.8 57.2 69.4 68.0 66.7 76.5 71.6 
201 8.8 8.8 17.1 37.8 50.4 60.0 69.4 72.5 69.4 78.6 81.1 
202 8.3 9.3 14.6 36.2 48.1 57.6 68.7 71.9 73.4 76.1 71.3 
203 9.7 9.5 16.2 40.2 50.1 55.9 64.7 67.8 71.7 79.2 76.7 
204 9.4 7.9 13.1 42.9 46.7 54.3 70.0 68.4 71.2 75.7 75.6 
205 10.4 10.2 18.9 40.8 44.1 60.1 65.0 67.4 71.3 74.7 75.3 
206 8.0 7.4 14.6 37.6 54.4 56.5 64.0 68.3 71.4 78.4 80.0 
207 9.3 8.2 11.7 36.6 51.2 56.2 67.0 66.4 72.3 79.9 72.5 
208 9.9 11.1 14.4 40.7 51.2 57.0 64.8 69.2 66.6 74.4 72.4 
209 9.1 10.3 14.4 38.2 51.9 61.3 63.8 66.5 72.7 80.3 76.0 
210 9.3 9.4 14.5 38.4 53.3 60.3 64.0 68.6 71.5 76.8 74.2 
211 8.1 10.1 15.2 35.2 50.6 61.4 64.2 66.2 70.6 78.5 80.8 
212 9.4 8.5 16.3 36.7 53.3 60.2 71.6 69.9 71.5 77.5 74.9 
213 9.5 8.1 12.6 36.5 54.7 58.8 70.8 73.8 63.5 78.4 68.0 
214 10.0 8.3 16.1 32.4 55.0 58.5 70.6 67.6 72.3 77.2 75.8 
215 8.5 10.8 13.8 35.7 52.3 61.0 69.9 73.1 66.9 74.3 76.3 
216 8.1 9.3 11.8 33.2 53.2 55.4 67.4 70.6 71.1 77.8 74.0 
217 8.9 8.0 10.5 34.3 50.7 61.2 67.7 67.8 69.0 76.7 75.3 
218 11.2 9.4 13.4 31.7 50.1 57.6 70.2 77.9 70.2 79.4 73.5 
219 10.3 7.7 11.5 35.1 53.2 59.2 66.9 71.6 76.3 74.9 77.7 
220 9.3 8.3 11.5 35.3 51.4 61.5 70.6 74.4 72.9 75.9 72.9 
221 9.9 8.5 9.5 35.4 51.3 59.9 73.2 70.5 68.8 73.3 79.0 
222 7.5 8.7 10.6 31.4 50.8 54.2 76.0 70.4 79.4 77.3 77.6 
223 10.6 9.3 9.0 35.3 54.3 58.9 69.0 68.8 80.1 74.2 74.7 
224 9.9 10.0 10.7 32.7 50.1 60.1 73.1 72.3 70.5 70.1 79.0 
225 8.6 8.3 9.5 28.3 53.0 55.1 71.4 71.5 76.4 75.7 79.2 
226 10.3 10.3 9.7 30.1 48.5 61.9 71.7 71.0 75.3 75.9 81.7 
227 9.3 9.1 9.7 30.6 52.0 59.0 71.1 67.5 75.2 80.9 77.9 
228 8.5 8.7 8.8 29.3 51.2 62.1 65.3 70.9 73.1 74.7 77.6 
229 9.6 7.9 9.1 30.6 48.5 59.0 70.5 70.0 77.9 75.4 79.8 
230 10.3 9.0 9.6 35.4 49.3 58.5 70.5 71.6 76.4 70.3 79.9 
231 10.5 7.7 8.9 28.1 43.9 58.3 65.4 69.6 77.6 75.8 84.3 
232 9.6 9.8 8.5 31.8 50.2 62.2 69.6 74.1 76.5 72.0 81.4 
233 9.0 8.0 8.3 27.5 50.8 59.2 63.0 67.0 77.8 76.3 87.7 
234 9.9 9.2 9.3 25.5 53.1 59.5 68.4 79.4 72.7 77.2 80.1 
235 8.9 10.4 9.0 23.2 49.0 64.1 64.1 73.8 75.3 79.1 79.1 
236 8.7 8.5 8.8 26.5 46.7 63.8 68.5 74.9 77.1 78.4 82.3 
237 8.6 9.0 8.8 26.3 46.8 63.6 67.9 74.2 73.3 79.7 79.6 
238 8.8 7.8 8.1 28.2 50.0 63.1 67.7 75.2 69.7 82.6 79.7 
239 9.1 8.4 9.6 26.2 47.9 59.6 70.4 70.3 72.6 80.8 78.0 
240 10.3 9.3 8.2 25.4 45.7 63.8 70.3 74.3 69.3 83.8 83.8 
241 10.8 8.5 9.2 26.0 45.9 62.3 68.5 77.9 74.2 85.8 83.7 
242 9.0 9.1 9.8 22.8 48.1 58.9 67.0 70.7 68.8 81.5 80.4 
243 10.8 7.9 8.7 24.3 48.3 59.5 68.6 73.5 71.7 91.0 79.7 
244 9.6 8.9 9.3 22.5 45.3 58.5 68.4 72.0 76.4 87.7 81.0 
245 10.0 8.6 9.1 24.6 43.0 56.2 66.2 70.0 71.1 90.0 85.4 
246 9.5 9.9 8.6 23.5 45.2 59.9 67.3 70.0 78.3 86.1 80.5 
247 10.2 8.5 8.5 22.2 44.1 57.4 74.5 72.0 74.2 85.4 93.3 
248 9.3 10.7 10.0 20.9 42.8 54.8 72.9 72.7 79.6 80.6 87.1 
249 9.4 10.0 9.0 25.9 44.3 53.7 64.3 68.8 75.9 79.8 84.4 
250 9.4 10.4 8.9 22.4 38.2 59.0 66.3 78.2 72.7 87.9 85.5 
251 10.5 8.6 9.7 20.7 38.7 57.1 68.8 75.0 78.1 81.5 87.5 
252 8.3 9.8 8.9 19.6 35.6 53.4 67.7 75.9 77.3 89.2 88.7 
253 9.0 10.3 8.3 22.3 38.9 59.5 64.0 72.7 77.1 87.3 86.3 
254 8.7 9.2 9.1 17.5 40.1 60.3 72.6 80.4 77.8 85.1 89.2 
255 8.7 9.8 9.4 20.1 37.6 56.2 66.5 75.8 76.8 84.0 85.3 
256 6.7 9.0 7.5 20.7 35.9 58.8 67.9 68.1 74.0 89.2 87.5 
257 9.1 9.2 9.5 19.8 35.3 57.8 68.2 78.6 80.7 89.1 95.7 
258 7.8 9.4 9.8 16.1 37.3 59.0 66.8 76.1 76.8 80.9 92.4 
259 8.4 8.0 10.9 20.0 37.2 53.2 70.3 73.5 81.4 89.2 94.0 
260 9.6 9.3 9.6 17.7 33.7 61.7 68.1 78.2 83.9 85.1 91.8 
261 7.8 7.1 10.1 18.0 35.3 56.0 72.6 77.5 82.6 86.0 93.0 
262 7.8 9.7 9.9 14.1 37.2 54.3 58.4 77.1 89.4 87.1 92.7 
263 9.9 8.5 8.9 18.3 32.8 54.4 58.2 73.3 89.1 92.1 90.7 
264 9.1 8.8 8.4 16.9 34.3 50.8 65.2 74.9 82.4 84.5 95.9 
265 8.6 8.1 7.9 15.3 34.3 51.6 61.7 74.9 81.8 85.8 88.2 
266 8.5 9.7 8.4 15.0 32.0 57.7 65.6 68.2 85.0 91.3 93.6 
267 10.5 10.1 9.2 15.6 34.1 53.6 68.6 75.9 83.6 91.2 98.6 
268 7.9 7.8 10.1 13.3 38.8 56.9 70.4 72.0 83.5 85.8 92.3 
269 8.3 9.2 10.0 13.5 36.2 55.5 62.7 76.7 84.4 87.9 97.1 
270 10.3 9.7 10.4 13.5 36.5 49.8 70.7 77.0 85.1 90.1 93.4 
271 9.7 10.0 8.2 13.0 37.2 54.0 69.1 77.7 82.8 90.2 97.4 
272 7.8 9.7 9.0 13.3 36.9 48.1 68.0 72.2 82.8 89.7 90.9 
273 8.6 11.1 9.6 14.2 35.3 51.2 63.8 77.3 78.4 89.2 96.9 
274 8.4 8.3 10.0 13.7 33.8 51.3 65.5 77.0 85.5 86.7 93.4 
275 10.2 8.4 9.2 11.1 33.7 54.2 63.2 75.6 84.9 88.7 100.1 
276 9.5 8.5 10.5 12.2 32.8 45.5 62.7 76.5 86.2 94.3 92.6 
277 9.9 10.3 10.0 9.4 31.0 51.1 68.8 78.5 87.8 92.5 96.7 
278 9.0 10.0 10.6 12.1 36.3 49.8 60.9 76.5 80.9 99.3 98.2 
279 8.9 8.6 10.5 12.3 32.0 46.9 61.7 78.2 87.0 98.6 93.5 
280 7.4 9.7 11.7 10.2 31.0 41.4 62.2 82.5 87.3 94.2 93.8 
281 9.0 10.6 7.7 10.0 31.0 48.0 63.7 79.1 83.8 94.7 96.3 
282 7.9 8.5 9.3 11.3 29.2 46.6 64.3 83.8 85.9 96.5 98.0 
283 9.8 8.2 8.1 9.4 30.0 48.0 64.4 78.9 86.4 97.6 99.8 
284 8.9 8.5 9.0 11.4 30.3 45.1 66.9 74.3 84.2 99.6 104.2 
285 9.5 8.6 8.4 9.1 32.4 49.0 66.7 74.2 96.5 95.8 101.6 
286 9.5 8.3 8.6 9.6 31.5 46.0 62.7 76.7 86.6 98.3 101.8 
287 9.0 10.1 9.4 8.7 27.1 44.2 60.0 70.1 94.8 99.7 101.6 
288 10.1 6.9 9.2 8.6 25.2 46.7 64.6 73.0 87.7 102.2 108.6 
289 9.2 8.8 8.7 9.6 25.9 43.7 63.1 71.0 88.1 95.7 109.7 
290 8.2 10.7 10.3 10.3 24.6 47.5 63.7 73.8 86.1 94.0 105.6 
291 7.9 7.5 9.4 8.3 26.9 44.0 67.4 68.7 88.5 97.7 106.4 
292 9.8 8.0 7.8 9.5 26.6 51.3 64.7 76.0 87.1 94.0 105.2 
293 10.2 9.8 9.4 10.2 24.5 42.8 61.9 73.2 83.5 97.7 113.9 
294 8.3 8.1 11.4 8.9 25.0 38.4 65.3 74.5 91.7 98.5 115.8 
295 7.6 8.5 8.9 11.3 23.7 43.2 62.2 75.6 87.4 96.2 110.5 
296 7.5 9.5 9.0 9.3 27.9 47.8 61.2 76.6 87.1 101.8 106.2 
297 9.9 8.0 9.0 8.9 23.0 40.5 65.4 72.0 92.5 95.3 115.7 
298 8.5 7.3 8.4 9.1 23.1 39.6 64.2 73.5 90.1 102.9 110.1 
299 7.9 9.0 7.9 9.5 20.5 41.8 65.6 74.5 86.3 95.4 108.4 
300 9.3 8.9 9.5 11.1 20.8 43.6 62.0 78.2 89.1 100.3 114.3 
301 9.2 9.4 8.4 8.7 18.1 43.5 63.1 74.9 92.6 101.5 113.4 
302 9.4 8.8 9.0 8.2 18.8 39.8 62.4 78.4 88.4 112.9 108.9 
303 10.0 10.4 8.5 8.0 20.8 38.3 59.2 81.9 91.0 95.0 109.4 
304 8.6 6.9 7.9 11.2 20.0 39.4 59.5 76.9 93.4 99.0 101.7 
305 9.8 8.8 9.3 10.1 19.8 40.6 63.9 70.2 100.4 100.8 111.3 
306 7.5 9.4 10.6 10.7 19.2 41.5 66.5 70.6 91.7 100.7 105.9 
307 8.3 9.2 9.5 9.9 19.4 35.7 65.8 78.0 90.9 101.0 108.5 
308 8.4 8.4 9.3 8.1 16.1 40.0 60.3 74.4 97.6 104.2 111.1 
309 9.8 9.5 10.4 9.0 16.2 37.8 60.8 78.9 96.3 99.8 117.3 
310 9.1 9.7 9.5 8.9 18.5 34.2 61.5 78.5 87.5 105.9 114.4 
311 8.6 9.3 10.2 7.0 17.7 36.4 58.8 77.7 92.2 100.8 118.8 
312 8.6 9.7 8.8 8.7 16.7 39.9 57.3 78.0 94.0 99.0 118.3 
313 10.2 8.1 8.5 9.3 15.3 35.6 58.4 77.4 89.1 103.3 117.8 
314 9.6 9.8 9.2 9.4 18.4 33.9 52.8 75.0 93.9 104.9 123.8 
315 8.9 11.6 9.8 10.8 16.6 36.6 57.4 76.4 92.6 104.6 122.5 
316 8.6 9.5 10.5 9.2 11.9 33.4 57.3 75.0 92.5 108.7 128.5 
317 10.3 11.0 8.6 9.3 13.9 34.9 53.6 73.3 94.1 106.0 124.4 
318 9.7 7.9 8.6 8.4 14.2 36.5 56.3 72.9 94.1 102.8 130.1 
319 8.8 9.1 8.9 7.2 12.8 34.7 55.2 76.5 93.3 109.3 125.4 
320 7.7 9.0 9.6 9.7 11.0 33.4 54.2 76.0 93.5 106.8 122.7 
321 9.6 10.2 9.5 9.0 10.9 34.1 57.4 69.9 91.5 109.4 125.3 
322 9.6 9.0 6.9 9.5 11.8 33.7 52.6 76.0 102.5 104.2 123.0 
323 9.9 8.7 9.5 9.0 10.0 32.6 55.7 76.2 97.3 109.8 120.7 
324 8.1 6.6 10.3 8.9 10.5 31.0 53.4 76.8 101.5 105.4 121.6 
325 9.5 8.6 9.9 9.9 11.7 34.5 54.9 73.6 101.9 108.4 121.0 
326 9.6 10.8 8.9 9.4 11.9 29.1 53.3 70.1 97.8 112.1 122.0 
327 9.2 9.3 10.0 9.0 10.5 30.0 55.2 74.5 98.1 109.6 123.2 
328 9.9 8.9 8.0 9.6 10.1 29.7 51.8 71.5 96.7 107.4 128.4 
329 7.3 8.6 8.4 8.6 10.9 26.2 51.5 75.7 98.1 113.7 126.2 
330 8.4 8.5 8.9 7.1 11.4 28.5 61.0 73.8 96.4 111.8 124.6 
331 13.3 9.4 8.8 8.9 9.3 31.0 55.0 74.2 101.9 114.6 127.8 
332 8.4 8.5 8.3 10.0 8.8 25.5 52.4 71.2 96.9 110.0 124.6 
333 7.9 9.9 8.5 8.2 8.6 25.3 54.1 73.1 101.2 116.8 122.9 
334 10.1 9.1 7.9 8.0 8.4 22.5 53.7 70.3 101.7 113.6 126.4 
335 8.5 9.5 8.0 10.2 8.4 23.7 53.5 74.9 96.4 115.9 132.3 
336 10.3 8.2 9.8 10.5 10.2 21.3 47.0 71.7 100.4 115.0 129.9 
337 8.8 8.0 9.6 8.7 7.7 22.7 49.4 70.4 100.2 112.7 133.6 
338 9.0 8.1 10.0 9.0 10.1 22.1 50.3 72.5 101.2 114.8 131.1 
339 8.0 8.7 8.8 7.8 7.4 22.7 50.5 74.5 100.0 117.8 129.2 
340 10.3 9.6 9.0 9.5 8.6 24.8 44.0 76.8 98.3 115.8 135.0 
341 9.3 8.4 8.3 8.6 8.9 19.5 47.7 73.4 100.7 119.2 133.8 
342 7.9 9.8 8.9 8.2 10.5 22.6 46.6 75.0 98.0 117.2 135.3 
343 10.9 10.4 8.7 9.9 8.1 23.4 40.2 71.8 105.1 115.6 135.2 
344 8.9 9.7 8.5 10.2 8.9 18.9 47.2 71.6 96.3 120.9 138.5 
345 8.6 9.4 8.8 9.1 8.5 20.4 40.5 69.4 103.9 122.6 136.8 
346 8.7 8.8 9.5 10.5 10.1 21.8 41.5 70.4 100.9 128.7 131.4 
347 9.5 10.7 8.4 7.6 8.4 19.0 39.9 69.4 105.2 122.1 135.5 
348 9.1 9.4 9.4 8.9 8.6 17.6 43.2 66.6 104.9 115.7 146.2 
349 9.6 9.0 9.2 7.6 9.2 19.2 39.9 72.3 101.5 112.8 136.2 
350 10.2 8.2 8.8 9.1 8.3 16.1 43.1 70.3 97.4 118.4 148.0 
351 7.9 7.6 9.1 9.5 9.1 17.4 41.6 68.5 99.5 122.8 147.6 
352 9.2 7.4 8.7 9.8 10.0 16.9 38.5 71.4 100.5 119.7 142.6 
353 7.2 9.7 9.2 7.6 6.8 14.3 39.8 72.0 99.4 121.3 152.0 
354 11.6 10.9 8.0 9.8 9.5 14.5 38.8 72.3 95.6 124.0 151.8 
355 9.9 9.2 9.7 9.8 9.5 13.4 38.5 66.9 101.2 122.1 149.1 
356 8.1 8.8 8.6 9.6 10.0 14.5 39.5 67.8 100.3 117.1 150.9 
357 7.5 7.6 9.8 8.2 7.1 13.1 37.3 69.9 95.6 117.5 157.5 
358 10.8 11.1 7.6 9.3 7.0 13.0 33.3 69.7 96.8 119.8 148.9 
359 9.8 7.8 9.0 9.3 7.4 11.7 39.0 75.1 99.6 127.5 156.5 
360 9.3 9.8 8.5 9.5 8.9 12.1 36.0 73.5 91.2 122.8 153.2 
361 7.9 9.4 9.4 9.8 9.6 12.9 34.2 66.8 91.2 128.6 161.5 
362 7.8 10.4 9.6 9.1 9.4 10.5 33.7 68.4 95.2 130.5 151.9 
363 8.7 8.0 8.9 9.2 9.3 10.2 32.4 64.8 85.9 124.8 161.3 
364 8.6 8.3 9.9 6.8 9.7 10.1 30.2 64.1 94.1 130.0 167.8 
365 8.7 11.7 8.7 9.3 11.5 9.0 31.0 61.6 94.3 136.3 160.5 
366 7.8 9.2 9.3 9.9 7.8 9.7 30.0 64.9 90.8 129.3 163.8 
367 8.3 9.2 8.4 8.6 9.2 11.6 28.5 60.4 90.2 126.6 163.4 
368 9.0 10.3 9.0 10.1 8.8 9.1 30.0 53.8 97.3 137.7 168.2 
369 11.1 9.7 10.0 9.4 7.6 9.7 28.9 58.7 98.7 137.5 173.0 
370 7.4 9.1 8.2 8.8 9.4 11.1 27.1 56.2 99.1 134.9 162.1 
371 8.5 8.4 9.9 9.9 9.0 8.1 25.2 50.1 100.7 139.9 165.2 
372 9.9 10.1 9.0 11.4 8.0 10.4 25.4 53.5 96.3 142.6 162.2 
373 11.1 10.3 8.4 8.4 8.9 8.3 25.3 50.6 91.3 137.6 160.5 
374 8.4 8.7 7.9 9.3 10.0 9.1 25.6 49.1 98.8 139.3 166.9 
375 8.3 9.4 9.8 10.7 8.9 8.4 25.3 51.8 102.6 143.6 166.8 
376 10.0 8.7 8.9 9.3 8.5 10.6 23.9 51.5 97.4 144.4 165.1 
377 7.8 7.6 11.2 9.9 10.3 8.0 23.9 43.0 96.7 148.0 166.9 
378 8.7 8.0 8.7 8.3 9.1 9.7 22.2 49.8 99.0 154.9 162.8 
379 8.7 9.2 8.2 8.4 9.1 8.6 19.1 46.0 101.4 145.6 169.3 
380 11.1 8.9 9.9 9.0 8.1 8.8 21.8 44.8 96.7 143.2 169.8 
381 8.4 8.0 9.2 10.0 7.8 7.8 23.0 50.1 91.6 154.0 168.1 
382 9.7 9.1 9.0 9.1 8.3 11.6 19.1 46.0 97.5 150.9 171.0 
383 9.4 8.0 10.3 10.1 8.4 8.3 18.4 46.5 91.9 147.2 168.4 
384 7.5 9.8 8.9 9.6 9.5 8.9 20.8 41.4 93.6 146.7 172.0 
385 9.1 8.7 9.9 8.3 10.6 7.3 17.4 43.4 91.9 149.9 184.2 
386 9.8 9.4 9.2 9.8 9.5 8.0 17.7 43.7 91.7 149.0 179.4 
387 8.2 10.4 9.8 9.7 11.0 8.3 15.6 43.4 85.1 145.3 185.4 
388 9.3 8.5 9.4 9.1 8.0 10.0 14.8 45.8 82.7 142.7 194.7 
389 7.1 10.0 7.6 9.8 8.5 8.0 14.0 43.1 92.2 136.0 194.3 
390 9.5 8.2 8.5 10.0 8.4 9.1 14.7 43.3 83.6 141.7 198.8 
391 10.2 8.0 10.3 8.5 9.5 8.2 13.2 43.3 85.1 139.4 198.2 
392 9.6 9.1 8.7 8.1 9.2 8.7 13.8 37.3 82.6 139.3 207.6 
393 8.2 9.6 8.9 9.3 11.0 8.2 12.7 36.2 77.8 140.1 201.6 
394 8.9 7.9 8.8 10.6 10.0 9.8 13.0 40.0 87.3 136.8 208.3 
395 9.4 8.9 9.3 8.8 10.2 8.1 12.5 35.2 88.6 143.8 203.9 
396 9.0 8.0 10.0 11.2 9.0 7.9 12.1 37.7 85.3 132.7 206.2 
397 8.5 9.3 9.0 8.4 10.1 8.7 10.1 34.8 80.8 145.6 211.5 
398 7.7 11.2 10.0 10.0 9.1 9.0 10.0 34.7 87.5 141.2 213.2 
399 8.6 8.5 9.5 9.1 9.5 11.0 9.2 35.4 85.5 145.0 211.2 
400 8.0 10.2 9.5 9.2 8.6 8.6 10.9 31.6 78.7 137.7 208.4 
401 9.8 10.2 9.8 9.8 9.5 9.9 11.3 28.0 78.9 138.1 220.9 
402 11.1 8.1 8.8 8.9 8.5 9.7 9.4 29.2 84.0 138.3 230.8 
403 10.0 7.9 10.2 9.5 7.0 10.5 10.7 30.2 79.6 135.6 221.7 
404 9.7 10.6 8.5 9.9 9.3 9.8 8.4 26.6 78.0 141.8 227.2 
405 9.6 7.8 10.0 10.7 9.1 8.1 8.3 27.4 76.5 137.5 229.3 
406 7.8 8.4 8.4 10.3 8.2 9.1 9.1 24.3 80.6 137.9 228.8 
407 10.5 8.1 9.8 10.3 10.4 9.2 8.9 28.3 78.6 137.7 235.9 
408 8.9 8.0 8.2 8.1 8.9 10.6 8.2 23.9 76.8 140.7 235.9 
409 7.3 10.4 9.0 8.5 8.7 8.8 10.9 21.7 71.8 137.4 237.7 
410 9.4 8.7 9.5 8.5 10.2 9.8 9.2 18.3 73.1 136.7 243.6 
411 9.8 9.5 9.9 10.2 7.4 8.1 9.0 18.6 70.6 130.3 236.3 
412 9.3 10.3 8.7 9.4 8.7 7.7 8.3 20.1 67.9 133.7 248.7 
413 9.3 9.5 9.5 8.1 10.9 7.0 7.5 18.0 66.2 133.2 254.5 
414 8.7 10.8 8.1 11.3 10.9 8.8 8.6 19.5 63.0 131.0 261.7 
415 7.9 9.5 9.0 8.8 9.4 8.6 8.3 18.6 63.5 126.7 263.5 
416 10.5 9.4 8.8 7.6 9.3 8.1 10.2 17.5 63.9 129.2 254.4 
417 9.3 7.9 8.0 10.3 7.9 7.8 10.4 14.0 60.2 127.7 269.6 
418 7.9 8.8 8.4 7.5 8.1 8.0 8.3 15.7 54.4 131.3 264.6 
419 7.5 8.5 9.3 9.7 10.9 9.3 7.5 14.4 57.1 126.6 265.2 
420 8.9 8.9 8.5 7.5 11.9 9.5 10.5 11.5 54.1 134.0 266.5 
421 9.7 7.9 8.9 9.1 7.5 10.1 9.9 12.8 57.2 131.0 272.3 
422 8.5 9.2 8.2 9.8 8.6 9.1 10.0 13.0 45.4 131.5 272.0 
423 8.9 10.7 9.1 7.5 9.3 10.2 10.4 10.5 49.7 139.2 275.6 
424 10.2 8.1 9.1 11.6 8.5 9.6 7.4 9.8 45.8 130.0 289.2 
425 9.2 8.3 9.2 9.7 8.7 8.7 9.0 10.4 48.2 130.2 286.0 
426 6.6 7.2 8.3 6.9 10.3 9.5 10.1 10.6 42.5 131.9 280.8 
427 8.6 8.3 8.7 8.9 9.1 8.4 10.3 9.6 46.0 130.3 294.7 
428 9.7 9.4 8.0 8.5 10.1 8.5 10.1 10.5 40.6 124.0 290.2 
429 8.4 7.4 7.5 8.8 10.7 10.0 8.4 11.6 36.5 120.7 303.0 
430 10.0 9.4 8.4 10.3 10.0 7.8 9.7 9.2 38.8 120.0 298.1 
431 9.7 8.1 9.2 8.5 11.1 10.0 9.4 8.9 34.1 112.8 301.8 
432 9.0 8.7 9.0 10.0 6.5 9.9 8.7 9.1 34.3 114.5 311.7 
433 7.9 8.8 10.5 7.9 9.7 9.5 10.1 8.3 31.7 111.4 314.4 
434 7.1 9.6 9.9 9.1 9.9 9.6 9.3 9.0 31.3 116.4 319.5 
435 11.0 7.5 9.3 7.6 10.4 10.6 9.0 8.6 31.5 107.1 313.2 
436 10.4 9.5 7.7 9.2 10.6 9.0 9.7 8.2 26.9 108.7 321.7 
437 10.2 9.6 11.4 8.6 7.8 7.8 9.4 9.3 23.2 104.0 326.5 
438 9.5 8.9 8.6 10.5 8.9 7.8 8.5 8.6 25.1 103.1 328.1 
439 9.3 10.3 9.1 8.6 10.0 7.9 7.2 10.1 21.4 100.5 337.2 
440 8.5 10.2 8.6 7.9 6.7 7.8 8.2 7.7 20.9 104.8 338.9 
441 9.4 8.5 8.8 9.4 8.1 9.2 9.4 7.7 20.2 98.0 338.1 
442 9.5 8.6 9.9 7.4 8.4 6.5 8.5 10.6 19.8 101.3 349.0 
443 10.4 9.8 9.7 9.3 9.6 10.5 8.4 8.9 17.6 93.6 341.5 
444 11.8 9.2 9.1 8.9 9.9 9.8 8.3 9.1 15.5 95.0 344.6 
445 8.9 10.1 7.7 9.2 12.1 9.9 10.1 10.2 14.1 97.8 356.1 
446 8.7 8.3 7.5 10.4 10.6 8.5 8.8 9.6 16.0 92.6 354.0 
447 9.7 8.6 7.6 7.8 9.4 8.7 9.3 8.7 14.1 87.6 348.3 
448 8.6 10.0 9.1 8.7 8.5 10.1 8.6 10.6 12.9 87.0 355.3 
449 8.3 9.4 8.6 9.4 8.0 8.9 9.6 9.2 13.4 84.8 364.1 
450 9.6 9.2 8.7 9.3 9.6 10.7 9.3 9.8 11.5 78.1 367.9 
451 10.1 8.1 9.8 8.7 7.7 9.7 8.3 10.8 10.7 77.8 361.9 
452 8.2 8.7 8.1 9.6 8.0 11.2 9.4 10.5 9.4 71.0 376.7 
453 8.3 8.1 8.8 10.0 9.4 6.9 9.2 7.6 7.8 73.4 381.0 
454 8.8 7.8 8.7 9.4 9.5 9.1 9.4 9.6 8.8 69.8 385.7 
455 8.2 8.2 9.0 8.7 8.6 9.2 9.4 10.6 8.5 56.8 386.2 
456 7.3 8.5 10.2 9.3 8.9 11.3 11.7 9.5 9.4 57.9 406.5 
457 9.9 9.6 7.6 9.1 8.7 7.9 9.4 6.8 8.9 51.2 384.6 
458 8.5 9.8 9.3 10.1 9.9 8.1 9.5 9.5 8.5 47.3 397.2 
459 7.5 8.0 8.8 8.3 8.5 12.3 8.8 10.7 8.2 46.9 390.8 
460 9.4 9.9 7.8 8.7 9.5 9.7 7.7 10.2 9.4 39.7 396.1 
461 8.9 9.1 8.9 9.3 8.6 7.9 9.3 8.3 10.5 38.6 400.7 
462 8.2 7.6 9.1 8.2 11.0 11.0 8.4 9.1 8.6 35.8 415.6 
463 9.4 8.1 9.6 8.3 8.0 9.7 8.5 11.0 9.3 35.5 399.4 
464 8.7 8.5 9.2 8.2 9.1 9.4 9.5 8.2 9.1 30.6 416.1 
465 10.4 10.1 9.1 9.3 8.4 10.2 9.2 8.1 10.6 26.6 429.5 
466 7.6 9.8 9.0 8.4 9.6 7.9 9.1 7.7 8.8 24.0 420.7 
467 9.4 9.3 7.9 10.4 10.2 8.0 8.8 9.5 10.4 23.6 413.1 
468 7.5 8.6 7.1 10.2 8.7 9.2 10.8 9.0 10.3 19.8 416.4 
469 10.6 8.3 8.4 9.2 9.5 9.5 10.6 8.0 9.8 17.4 425.6 
470 7.3 10.0 9.4 8.7 10.6 9.6 9.2 8.4 8.4 14.5 410.1 
471 9.0 9.9 7.9 9.3 8.9 9.4 7.8 7.3 9.5 11.7 431.2 
472 10.7 10.4 10.4 9.8 9.6 9.2 9.0 9.2 9.6 12.3 429.2 
473 8.5 8.5 9.7 7.9 8.1 9.2 10.0 10.5 9.4 10.5 421.8 
474 8.8 7.2 9.7 8.9 8.9 10.5 8.8 7.7 7.4 11.1 427.3 
475 8.6 8.9 9.3 10.2 8.8 8.9 9.2 9.2 8.3 9.1 415.7 
476 9.3 9.9 10.7 7.8 9.4 9.5 9.7 7.8 9.0 8.4 418.7 
477 8.5 8.7 7.4 7.1 8.9 9.3 9.6 9.7 10.1 10.7 421.9 
478 8.4 9.3 9.0 9.7 9.3 7.9 9.3 7.9 8.0 10.1 422.5 
479 9.8 9.1 8.4 8.5 8.4 7.6 8.5 9.4 9.5 8.9 417.3 
480 8.5 10.1 9.0 8.4 10.1 9.3 7.8 7.8 8.9 11.7 408.1 
481 8.9 9.7 8.4 9.0 9.6 8.3 9.1 9.7 9.0 9.6 400.9 
482 10.1 10.2 8.9 8.0 9.8 9.5 9.2 9.2 7.2 9.4 386.0 
483 8.0 8.6 10.1 9.3 8.8 8.7 10.1 8.9 9.4 8.0 368.6 
484 8.6 11.1 9.4 8.9 9.2 8.8 9.0 10.6 8.2 9.3 354.4 
485 8.8 9.4 9.1 8.7 10.4 8.1 8.9 9.9 9.0 10.2 320.4 
486 10.3 9.3 9.3 8.6 9.1 10.0 8.8 10.0 8.8 9.0 270.5 
487 9.1 9.5 7.5 7.7 9.1 10.1 10.3 9.4 7.7 8.7 215.8 
488 9.3 9.4 8.7 8.1 9.6 9.8 8.7 10.2 9.6 8.5 168.9 
489 9.2 9.2 8.1 9.2 10.2 9.8 8.0 8.9 8.8 8.2 118.2 
490 12.0 9.2 9.3 8.8 9.7 9.8 8.4 10.1 8.6 9.6 73.1 
491 9.6 9.9 9.0 9.5 9.0 11.5 10.1 10.2 9.1 10.1 44.2 
492 8.2 9.9 9.8 9.6 10.1 9.2 9.0 9.7 10.8 7.9 27.9 
493 10.1 9.7 11.0 8.6 9.9 10.6 10.1 10.0 10.6 10.1 20.4 
494 11.1 10.4 10.2 7.9 9.7 7.3 9.7 10.9 9.6 9.8 17.0 
495 11.3 10.0 10.0 10.1 11.8 8.4 9.4 11.9 10.1 10.4 11.1 
496 10.5 7.1 11.1 14.2 11.4 11.5 10.8 12.3 9.1 13.0 13.6 
497 9.6 10.3 8.2 9.7 11.0 11.2 10.6 11.0 12.4 14.1 11.0 
498 12.0 9.8 8.4 11.1 11.5 10.5 11.8 9.9 10.4 11.8 12.2 
499 0.0 0.0 0.0 0.0 0.0 0.0 0.0 0.0 0.0 0.0 0.0 
