0 3.4 51.3 49.8 48.1 56.2 53.4 40.5 50.4 50.1 49.0 55.1 
1 11.3 91.8 95.0 97.1 95.2 93.1 83.3 85.7 95.0 100.0 100.7 
2 9.6 86.6 92.4 84.5 90.2 82.9 76.2 83.4 88.7 91.8 97.5 
3 9.2 80.8 79.0 84.4 87.1 84.2 69.7 69.8 77.7 90.7 82.1 
4 9.7 71.8 82.4 81.1 78.6 73.5 72.6 70.4 77.2 77.6 81.7 
5 11.1 63.8 70.0 76.5 73.5 73.2 68.5 73.1 74.4 78.3 74.7 
6 9.7 62.0 70.9 76.8 68.2 68.0 58.7 64.2 69.8 76.4 71.0 
7 8.9 58.8 67.3 63.1 66.1 63.9 64.4 61.1 66.8 62.8 70.0 
8 9.0 58.0 62.7 63.3 65.1 57.3 62.6 63.1 63.2 61.3 64.4 
9 8.5 52.0 62.8 59.9 64.0 60.7 56.2 63.5 63.2 57.8 60.4 
10 8.4 51.7 65.4 57.7 58.7 56.9 53.2 61.7 61.9 57.0 60.7 
11 11.2 50.4 59.9 55.7 59.0 56.7 57.8 57.1 60.8 59.3 53.0 
12 8.7 51.8 57.2 53.8 57.0 57.5 55.6 53.8 57.2 57.8 55.4 
13 8.1 48.7 54.9 57.6 56.0 54.4 57.1 59.4 53.8 57.3 55.7 
14 9.2 38.8 53.0 56.0 54.9 54.6 55.0 55.3 55.1 55.1 55.6 
15 9.3 47.8 54.8 55.2 53.7 56.3 56.3 56.9 57.3 57.7 54.5 
16 9.6 44.5 54.0 58.7 50.6 55.1 48.7 62.4 57.7 57.7 58.7 
17 10.2 42.7 52.4 55.3 55.0 57.8 54.7 53.7 61.6 58.4 59.0 
18 8.9 39.1 54.2 53.6 56.6 53.2 55.1 56.2 58.6 58.4 56.5 
19 8.7 38.4 53.4 53.1 55.9 59.5 59.8 57.5 61.0 57.9 55.3 
20 9.2 37.2 51.7 57.0 58.5 57.9 55.5 60.2 56.1 55.1 59.1 
21 9.8 35.3 53.2 55.2 54.0 58.4 54.8 57.0 56.9 56.0 56.8 
22 8.5 30.7 48.7 57.3 58.3 59.8 59.1 55.4 55.3 57.2 57.8 
23 9.1 30.0 52.4 56.5 58.0 55.4 58.4 60.8 56.4 61.5 57.6 
24 8.6 30.4 49.2 57.9 53.9 59.6 54.6 58.3 57.4 58.1 54.2 
25 9.5 27.8 50.6 51.4 58.1 58.8 61.8 58.8 60.8 59.2 56.6 
26 8.0 22.3 46.4 51.3 57.2 59.8 58.5 65.4 61.3 61.4 62.8 
27 10.8 23.0 43.8 54.1 62.3 58.5 57.0 62.3 61.1 65.4 62.5 
28 8.3 18.8 47.2 53.4 57.4 55.1 58.9 59.7 57.2 64.4 55.2 
29 8.5 22.3 44.9 53.8 58.0 59.9 63.4 61.1 56.6 66.5 62.3 
30 10.1 20.1 47.8 52.0 60.1 58.8 56.5 62.8 60.4 61.4 64.2 
31 10.7 17.3 42.5 52.5 57.5 58.4 63.0 59.4 65.5 63.4 58.9 
32 10.8 18.3 44.6 52.6 57.9 58.3 60.8 61.7 63.0 65.8 59.9 
33 8.9 15.2 41.1 51.0 63.6 60.9 62.2 62.5 63.8 64.3 59.3 
34 8.2 13.3 39.4 50.7 55.0 58.6 63.2 62.7 62.2 67.3 60.1 
35 10.2 11.9 36.4 53.9 58.0 63.1 60.8 59.8 65.6 66.4 60.8 
36 9.1 13.8 40.2 50.0 55.7 59.0 65.8 63.4 61.1 68.5 61.7 
37 7.9 12.7 39.0 52.0 58.0 63.1 67.9 65.3 63.6 65.3 63.1 
38 10.4 11.3 32.8 49.2 52.1 65.8 64.3 65.4 63.2 67.8 65.7 
39 8.8 9.9 35.1 49.4 55.5 62.6 65.1 66.4 66.6 69.6 64.6 
40 9.1 10.9 32.0 46.2 56.5 60.6 66.7 68.1 59.5 72.3 66.8 
41 8.0 8.9 28.2 45.1 57.2 64.8 69.7 68.4 68.0 66.1 67.9 
42 9.1 10.9 24.9 43.4 60.6 63.0 69.0 67.5 69.9 66.4 70.7 
43 10.2 9.4 30.1 44.6 54.3 60.4 67.8 68.7 65.0 70.1 65.3 
44 9.2 9.6 25.1 43.2 56.8 64.8 65.1 71.9 62.7 67.6 68.9 
45 10.9 10.7 23.3 41.6 56.4 58.6 63.6 68.6 68.2 69.6 71.4 
46 10.2 9.7 24.5 42.0 57.2 63.9 65.0 69.4 69.2 71.8 66.6 
47 8.1 12.1 19.7 44.2 52.3 68.6 65.2 69.4 72.2 68.2 75.5 
48 9.3 8.0 18.3 39.9 49.6 64.4 67.1 69.0 73.0 70.0 75.9 
49 9.0 8.9 20.1 38.4 53.9 61.5 65.6 72.3 74.8 81.7 74.1 
50 9.9 8.9 17.9 36.5 49.5 64.8 61.7 73.5 70.3 76.0 74.0 
51 8.9 7.8 17.4 37.6 51.8 61.3 64.2 72.9 78.0 79.9 70.2 
52 8.5 8.0 14.7 35.1 51.0 64.8 68.0 76.4 75.9 73.2 76.6 
53 10.5 8.4 16.5 36.0 50.6 59.2 65.6 73.7 77.7 74.0 78.9 
54 8.7 10.8 16.3 34.7 48.7 58.8 66.1 74.2 74.4 80.3 81.5 
55 9.5 7.8 11.0 33.6 46.9 60.6 70.3 70.7 79.9 81.8 80.5 
56 9.0 8.9 12.1 29.0 46.7 60.0 67.4 79.1 87.5 84.0 80.4 
57 8.0 8.9 9.2 26.3 45.9 61.9 68.0 76.4 79.4 81.4 83.5 
58 9.1 8.8 13.5 27.9 42.3 57.2 67.9 71.1 86.2 84.0 84.6 
59 9.4 8.6 10.8 25.4 39.4 59.5 69.3 76.3 79.7 79.8 90.1 
60 8.8 10.4 9.4 26.4 42.6 53.9 72.8 77.0 83.1 78.3 90.9 
61 9.3 9.1 10.4 23.4 42.9 55.2 68.9 76.2 77.9 85.0 95.3 
62 9.0 10.9 9.1 19.4 37.7 53.4 64.9 71.1 82.9 82.7 88.9 
63 9.8 8.6 10.8 19.4 38.8 55.3 70.4 77.6 79.7 86.4 97.3 
64 8.8 9.7 8.2 19.5 37.7 54.4 70.2 72.8 82.3 82.6 95.2 
65 10.1 8.6 8.5 17.7 33.2 52.7 68.5 78.8 82.2 89.7 102.9 
66 8.4 9.4 11.7 14.9 34.4 51.0 65.9 80.0 81.0 84.9 97.8 
67 10.0 9.9 9.1 14.4 29.6 51.1 62.6 78.9 87.8 95.0 104.4 
68 9.2 8.4 10.8 14.4 30.1 47.4 67.2 80.5 85.4 92.1 103.7 
69 9.5 8.7 9.7 12.3 29.8 45.5 70.6 78.9 88.9 95.0 109.2 
70 7.9 8.1 9.1 12.8 29.5 46.3 61.7 78.9 84.4 104.6 104.8 
71 9.9 9.2 8.2 12.0 24.0 46.3 65.2 81.9 89.9 95.7 108.5 
72 8.4 9.2 8.0 11.5 25.4 41.9 62.4 79.1 84.5 98.9 111.2 
73 8.7 8.5 7.9 9.6 23.6 43.6 64.7 84.1 89.9 95.0 113.1 
74 9.1 10.1 7.5 10.4 24.7 40.2 59.0 83.5 95.2 104.1 113.7 
75 10.1 9.8 7.5 8.4 21.4 35.7 63.6 77.1 93.1 104.6 113.3 
76 9.2 9.1 8.7 9.7 19.2 36.3 54.7 83.0 94.4 104.1 116.3 
77 9.2 7.9 10.0 8.5 15.8 37.5 56.1 82.2 89.3 109.8 126.6 
78 11.5 9.3 9.7 10.4 14.9 35.9 53.5 79.3 88.1 111.4 129.8 
79 11.3 10.1 8.7 8.4 14.7 29.8 56.1 78.6 96.4 112.5 128.9 
80 8.4 10.3 7.8 10.8 14.7 28.4 50.3 82.8 92.7 112.5 127.6 
81 9.3 8.9 10.2 10.5 11.6 25.7 49.7 74.1 94.8 118.5 137.4 
82 9.3 7.1 8.9 8.0 10.9 25.9 46.5 70.9 93.5 114.9 132.3 
83 10.3 9.3 9.2 10.2 10.1 28.0 45.2 74.1 98.6 120.6 146.0 
84 8.8 8.9 7.7 8.0 11.0 23.7 47.8 75.2 95.2 120.3 153.1 
85 8.8 10.2 8.9 7.2 12.4 18.3 39.1 68.2 101.9 120.4 158.2 
86 10.3 9.5 9.1 8.7 10.9 19.5 39.3 62.0 100.0 126.9 152.0 
87 10.3 8.9 9.4 9.8 12.1 18.8 36.2 66.7 90.0 124.2 162.6 
88 8.1 10.3 6.5 9.2 8.8 15.1 32.7 64.8 96.4 127.3 162.3 
89 7.7 8.6 8.7 8.4 8.7 15.1 30.9 61.1 98.2 123.7 176.3 
90 9.5 8.6 8.6 9.6 10.0 13.6 28.6 51.1 97.7 135.0 181.4 
91 9.4 9.4 10.1 8.9 11.0 12.2 24.6 55.5 96.3 126.8 188.6 
92 11.1 8.2 9.5 7.9 9.2 11.8 23.6 51.6 90.9 124.8 191.6 
93 8.3 8.3 9.0 9.7 9.1 10.1 22.2 49.3 88.9 136.9 197.5 
94 10.8 8.6 9.4 8.0 9.4 10.9 18.7 45.7 84.1 129.4 217.7 
95 9.8 8.6 9.5 8.5 8.9 9.6 18.9 41.6 82.6 124.2 217.9 
96 10.5 9.8 9.5 8.1 9.5 9.8 18.5 34.9 82.3 141.7 223.0 
97 8.5 10.6 11.3 8.1 8.8 9.6 14.4 36.2 76.0 129.0 225.7 
98 8.9 9.6 9.0 8.6 8.6 6.4 15.9 32.8 73.7 128.5 246.9 
99 7.9 10.7 8.1 8.4 7.7 9.4 13.9 27.7 68.0 135.3 251.9 
100 9.6 9.3 8.5 9.1 8.5 11.1 13.7 24.5 64.1 129.7 254.1 
101 10.3 9.1 9.5 8.8 9.4 9.9 14.5 24.7 58.2 128.7 275.5 
102 7.8 9.8 10.3 8.9 9.5 10.2 11.6 21.7 54.9 126.8 271.7 
103 10.0 10.1 9.1 9.5 8.6 9.9 11.0 18.0 52.5 122.2 289.3 
104 8.7 8.6 9.0 8.9 7.4 9.9 10.1 15.7 46.4 111.3 310.7 
105 7.3 8.8 9.7 9.0 8.2 10.4 10.2 15.3 45.2 106.0 314.6 
106 10.5 8.5 9.9 9.7 9.4 9.2 11.5 17.5 40.4 99.0 323.3 
107 8.7 9.0 8.9 9.8 9.7 8.6 9.7 13.3 35.8 103.0 328.1 
108 9.3 9.6 9.8 9.2 10.5 9.3 8.6 12.7 32.3 89.1 351.1 
109 10.5 10.6 10.3 9.0 8.9 7.7 9.2 12.3 27.3 75.9 365.8 
110 8.7 9.6 8.9 8.4 9.3 9.1 9.1 10.3 25.2 70.9 358.5 
111 8.9 8.5 8.8 8.0 9.3 8.2 11.1 11.2 17.8 71.8 366.4 
112 10.3 8.1 8.5 8.9 7.6 8.7 9.4 10.8 18.7 56.9 375.3 
113 8.0 10.1 9.0 8.9 9.9 8.9 9.3 9.2 14.5 53.9 396.7 
114 10.9 7.8 8.1 8.4 9.5 8.4 9.8 10.0 15.5 45.2 397.6 
115 9.6 7.7 10.6 7.0 8.3 8.8 9.9 10.7 14.5 39.5 394.3 
116 7.0 7.8 9.8 8.9 9.9 9.3 9.4 9.1 12.1 34.4 409.0 
117 9.4 8.0 8.9 9.7 10.9 10.9 7.7 8.4 10.9 25.7 390.6 
118 9.9 9.2 9.6 8.5 11.2 7.7 9.4 9.4 10.4 26.5 380.2 
119 9.4 9.1 10.6 8.6 8.3 7.3 8.0 7.9 10.2 22.7 347.8 
120 8.8 7.2 11.1 8.5 8.8 11.1 9.2 7.3 10.6 18.7 315.1 
121 8.2 10.1 8.3 10.7 8.8 9.4 9.6 9.2 10.0 15.3 256.4 
122 8.1 9.6 9.7 8.8 8.3 8.8 9.8 10.7 7.9 16.0 208.1 
123 9.6 8.7 7.7 10.3 8.3 8.2 9.8 9.2 8.8 13.6 177.0 
124 7.8 9.4 7.8 9.6 8.7 8.7 8.1 8.8 7.5 10.2 136.9 
125 8.5 8.9 9.8 8.8 8.8 9.0 8.0 8.6 9.6 11.2 103.6 
126 8.4 8.3 9.9 7.5 10.7 8.8 10.8 11.5 9.4 9.4 80.6 
127 7.7 9.9 7.9 7.9 9.0 8.6 8.0 8.5 8.4 10.4 59.2 
128 9.6 8.4 8.3 8.9 9.5 9.9 8.5 10.7 9.9 9.0 49.5 
129 9.9 10.1 10.3 9.5 8.6 9.1 8.3 9.2 8.7 10.0 34.2 
130 9.8 8.1 8.9 10.2 8.4 9.6 7.4 8.6 9.2 9.9 27.4 
131 10.8 8.5 10.2 9.5 8.6 8.2 7.6 10.4 8.9 9.4 24.1 
132 10.9 8.3 8.6 10.3 8.5 8.1 9.4 9.2 8.6 9.3 15.9 
133 9.9 8.1 9.6 9.0 11.1 10.0 9.9 7.9 7.9 7.5 15.4 
134 9.6 8.7 8.8 9.3 8.8 9.7 8.9 9.4 8.8 9.5 14.6 
135 9.1 9.7 8.9 8.3 8.2 9.1 9.5 11.0 8.5 8.9 10.5 
136 10.8 8.2 9.6 11.1 7.9 8.3 7.9 9.0 9.4 7.9 11.1 
137 9.3 8.3 9.2 10.2 9.1 10.2 8.1 9.4 9.3 7.5 9.7 
138 8.6 9.5 10.4 8.9 9.9 9.0 9.5 8.8 8.4 9.0 10.5 
139 9.9 7.3 8.6 8.9 7.8 9.7 7.4 9.0 9.2 9.1 8.8 
140 9.5 8.6 9.7 9.2 9.1 11.4 9.3 9.1 9.8 10.8 8.6 
141 8.9 9.3 10.2 8.7 7.6 8.4 8.1 8.5 8.3 8.3 9.1 
142 9.6 7.7 8.5 11.5 9.8 9.1 8.5 8.8 8.2 9.6 9.8 
143 8.6 8.1 9.4 9.3 7.6 9.1 9.6 9.6 9.9 9.5 7.7 
144 7.4 7.4 10.1 9.1 11.0 9.9 8.6 10.6 8.9 10.4 6.8 
145 9.1 8.7 10.7 9.6 9.1 11.1 7.8 9.9 9.9 11.2 8.7 
146 8.0 10.1 8.7 10.5 8.5 10.4 8.2 7.2 7.5 9.9 9.8 
147 8.5 10.8 10.0 10.1 8.8 7.8 8.9 7.9 9.7 9.5 9.1 
148 8.0 9.8 9.9 8.1 10.6 10.0 9.5 9.7 9.5 9.2 8.6 
149 8.1 8.0 8.2 9.1 9.4 10.2 9.7 10.4 7.8 8.7 8.0 
150 10.1 8.2 8.8 9.2 8.9 9.7 9.7 9.8 9.9 9.1 8.1 
151 8.3 9.7 8.0 8.9 9.4 9.6 9.5 6.8 9.0 9.2 8.3 
152 10.2 9.4 9.8 9.0 9.2 10.2 10.2 9.0 8.5 7.3 10.9 
153 8.7 10.8 8.4 7.4 7.7 9.3 9.4 8.7 8.0 9.5 9.6 
154 8.2 8.7 9.7 9.1 9.6 8.4 8.9 9.9 9.6 10.0 7.9 
155 8.1 8.8 10.0 8.2 9.7 9.6 10.2 8.8 10.2 8.3 9.0 
156 7.9 10.0 8.0 8.6 7.8 10.7 9.2 10.2 6.9 9.4 7.2 
157 10.3 8.1 8.3 9.4 8.4 9.0 8.0 8.7 8.2 6.9 11.1 
158 9.6 9.2 10.0 10.3 9.6 9.9 8.9 9.4 7.7 8.9 9.8 
159 10.1 7.8 9.5 8.0 8.9 9.0 9.5 10.0 10.0 10.4 8.9 
160 8.1 10.9 8.1 8.1 9.7 7.6 8.2 8.0 10.0 8.9 7.8 
161 9.1 8.1 10.1 9.0 9.0 8.4 11.1 9.8 8.7 8.0 7.1 
162 9.6 9.1 9.8 9.2 8.6 8.4 8.8 9.6 10.5 9.6 9.2 
163 9.5 10.1 8.4 8.6 9.9 8.1 9.3 9.3 8.1 10.7 10.1 
164 8.8 7.7 7.5 9.9 8.3 10.6 9.7 9.0 8.7 7.9 8.8 
165 9.9 9.8 8.0 9.3 9.2 9.2 9.9 9.0 9.5 11.0 8.7 
166 10.5 8.1 7.4 9.2 10.6 9.0 8.5 8.9 10.0 8.9 8.1 
167 8.2 9.7 9.4 10.0 8.1 8.1 10.5 8.0 11.8 9.2 7.6 
168 8.4 9.6 9.4 9.9 8.8 10.3 8.5 10.6 8.8 8.5 10.2 
169 9.7 8.7 6.6 9.5 9.0 10.2 9.4 8.0 9.8 10.9 11.1 
170 8.8 8.6 9.8 9.3 8.5 8.6 9.0 9.2 7.8 9.4 9.3 
171 7.9 9.9 9.5 8.6 8.4 10.2 10.2 9.7 8.7 8.4 10.6 
172 9.5 10.2 11.0 8.1 8.9 8.2 8.4 9.2 10.5 9.5 9.3 
173 9.3 8.7 8.0 9.2 9.1 9.3 8.5 9.8 9.9 8.6 8.7 
174 8.4 9.1 9.5 8.7 7.9 8.3 8.7 9.1 9.7 7.5 8.3 
175 8.6 11.4 9.6 8.0 8.6 9.7 9.0 8.8 8.5 9.5 8.5 
176 9.8 8.9 10.3 9.6 7.3 10.9 8.2 8.0 8.8 7.5 9.1 
177 8.2 8.5 9.8 10.1 8.2 8.1 8.1 8.3 8.7 10.5 9.6 
178 10.1 9.3 8.2 8.5 8.5 8.3 9.9 8.8 9.4 7.5 9.8 
179 8.2 9.9 9.1 8.7 9.3 10.4 8.5 10.2 9.7 9.3 9.3 
180 11.0 8.3 9.1 9.5 9.1 9.9 10.2 9.6 8.5 7.5 10.1 
181 9.6 8.5 7.5 9.7 9.5 10.5 10.2 7.5 9.2 8.3 8.6 
182 9.6 8.0 7.3 8.9 8.9 9.3 10.3 9.2 8.2 8.9 8.0 
183 9.2 9.7 7.8 8.0 10.4 9.4 8.8 9.1 9.2 9.8 9.3 
184 8.5 10.3 9.3 9.3 9.6 9.5 9.5 8.3 9.0 7.4 8.3 
185 8.8 8.0 9.6 10.0 8.1 10.1 8.5 9.3 9.8 10.0 8.4 
186 9.3 9.7 11.2 9.5 8.9 8.9 8.5 10.4 9.3 8.0 7.3 
187 9.5 8.9 9.2 8.5 9.5 9.3 8.7 9.2 10.1 9.2 9.0 
188 6.6 8.2 7.1 12.6 10.5 8.6 10.1 9.9 8.9 8.7 10.9 
189 8.3 9.5 10.2 8.6 9.5 7.1 8.6 8.4 7.6 10.3 9.5 
190 8.4 8.9 9.8 9.6 9.8 10.7 9.8 8.0 10.4 9.4 9.7 
191 8.5 9.4 8.5 6.1 9.2 11.1 8.8 8.9 8.9 7.8 8.3 
192 7.7 8.4 12.1 9.0 9.3 10.3 9.6 8.5 9.4 7.8 8.4 
193 9.2 8.7 8.7 8.8 9.0 8.4 9.8 7.6 7.7 8.9 10.0 
194 8.2 9.6 9.3 7.5 9.9 11.3 8.8 8.5 9.2 8.3 9.0 
195 9.7 10.0 9.4 10.6 10.6 8.9 10.5 10.6 7.4 9.2 8.9 
196 9.3 8.3 7.7 8.8 9.2 10.3 8.7 8.9 7.6 8.5 9.9 
197 9.8 10.0 8.9 7.9 10.5 9.4 9.0 10.1 7.7 8.9 10.1 
198 7.5 10.0 8.2 7.8 9.6 8.7 9.4 8.3 10.6 9.2 8.5 
199 11.4 8.4 10.2 7.4 8.3 9.1 7.7 9.5 10.2 9.6 8.5 
200 8.5 9.7 9.8 9.7 9.6 9.5 8.1 8.4 9.4 8.5 12.0 
201 9.4 9.0 8.6 10.3 9.6 10.5 9.4 9.7 8.5 8.5 10.1 
202 8.6 7.6 9.4 7.7 8.6 8.1 8.3 9.6 8.9 8.5 9.6 
203 9.7 8.9 10.9 10.1 8.8 9.5 8.1 11.4 8.3 8.0 10.6 
204 8.4 7.5 8.3 7.7 9.5 10.1 7.7 8.5 9.1 8.1 9.8 
205 8.8 7.3 8.9 10.3 8.4 8.7 10.7 8.9 9.8 9.1 7.9 
206 9.1 9.2 8.9 9.2 7.2 9.0 9.1 9.2 9.4 7.8 9.1 
207 9.4 9.6 9.2 9.4 10.5 9.3 8.0 8.9 8.1 10.0 11.3 
208 8.3 8.6 10.2 8.9 9.8 8.5 9.2 8.7 9.1 8.1 9.0 
209 8.2 10.1 8.8 9.6 9.4 9.6 8.4 8.9 8.2 9.1 8.3 
210 9.9 8.3 8.6 10.3 10.3 8.0 11.9 7.9 8.1 10.0 9.1 
211 9.3 8.7 8.6 10.5 8.7 8.3 8.5 10.3 9.5 10.4 10.2 
212 11.3 9.0 10.6 10.2 9.7 7.0 9.9 8.9 7.9 9.3 7.8 
213 9.6 9.4 10.3 10.5 10.2 10.4 9.1 9.7 8.8 7.9 9.8 
214 11.0 7.9 9.0 10.6 8.9 8.0 8.4 12.3 8.4 8.7 9.5 
215 8.8 8.6 7.3 7.7 7.9 9.6 8.7 9.1 9.0 9.2 9.1 
216 8.7 9.4 7.5 8.5 7.7 9.6 6.8 9.4 10.0 8.8 8.6 
217 7.7 9.3 8.5 8.5 9.7 8.8 10.8 7.1 9.3 8.1 8.8 
218 8.0 9.7 9.5 8.4 8.3 7.7 7.5 10.8 8.6 10.1 10.8 
219 9.7 8.3 10.6 9.0 9.7 8.7 9.2 8.9 9.6 8.1 8.3 
220 9.1 9.5 10.0 9.2 8.7 9.3 8.5 8.3 9.1 8.2 9.2 
221 9.0 9.3 8.4 9.0 8.3 8.1 8.3 10.6 8.4 9.5 9.2 
222 9.6 9.6 9.8 9.8 8.0 9.7 8.2 8.4 8.3 10.3 8.7 
223 8.5 9.0 8.2 8.1 7.2 7.6 7.9 9.0 9.1 9.5 8.5 
224 9.8 8.8 8.6 7.8 7.8 9.6 10.0 10.6 10.1 8.3 9.0 
225 9.5 9.3 8.1 9.0 9.3 8.9 7.9 7.6 8.7 9.3 8.6 
226 8.9 9.3 9.6 9.3 9.8 8.2 9.7 9.4 9.5 8.7 10.0 
227 9.8 9.3 10.6 9.2 7.1 9.6 10.3 9.3 9.1 10.3 8.9 
228 7.7 7.8 9.2 7.0 9.9 10.2 7.4 9.6 8.6 8.7 9.3 
229 7.1 11.7 8.3 7.7 9.2 9.4 10.0 10.0 11.2 11.0 8.8 
230 8.4 10.8 9.3 9.6 9.1 9.4 9.0 9.8 10.4 9.9 9.4 
231 8.7 9.7 10.4 8.9 8.7 9.2 7.8 9.0 9.5 9.3 9.3 
232 10.6 9.7 8.2 9.8 8.0 10.2 8.5 10.0 8.9 8.8 8.6 
233 10.9 10.2 10.1 9.4 8.6 10.1 8.8 7.2 8.7 9.4 8.4 
234 9.0 10.8 8.5 9.9 9.9 7.5 8.4 8.3 8.4 9.1 10.5 
235 8.1 9.0 9.2 7.5 9.3 9.6 8.5 10.0 7.3 10.1 11.6 
236 8.6 9.2 8.6 10.7 7.5 9.5 10.2 8.2 9.8 8.2 10.5 
237 9.0 9.5 7.6 9.4 8.8 8.8 9.2 8.6 11.8 8.4 10.4 
238 9.0 13.0 8.1 8.6 11.1 8.8 9.3 8.8 10.3 7.1 9.5 
239 7.9 9.0 9.2 9.4 9.4 9.2 11.5 10.1 9.3 6.5 7.6 
240 10.7 8.0 10.1 9.7 6.8 8.3 9.1 9.3 10.6 7.2 7.9 
241 9.4 10.6 9.1 9.8 8.7 9.1 9.4 8.8 9.0 9.4 9.7 
242 9.1 8.7 8.7 8.2 8.2 9.9 10.5 9.0 9.3 8.2 9.6 
243 9.5 8.4 7.8 10.5 8.8 8.2 9.9 9.0 9.0 8.7 8.5 
244 10.1 8.1 10.2 9.8 8.6 10.5 8.2 8.7 8.4 7.1 10.4 
245 9.3 8.1 9.0 8.7 7.7 9.3 9.0 8.5 8.3 7.4 9.0 
246 9.8 8.5 8.2 8.3 9.7 10.4 8.9 9.5 9.3 8.4 10.3 
247 9.8 8.8 8.8 8.2 10.0 8.3 9.4 9.7 10.4 8.8 8.9 
248 8.1 7.8 8.8 10.3 7.6 8.9 9.8 9.1 9.7 10.7 9.6 
249 8.6 9.2 8.9 9.5 6.9 8.8 9.3 8.8 8.9 10.1 10.8 
250 8.3 9.0 10.2 8.6 7.7 10.4 8.2 8.5 8.8 9.4 8.4 
251 10.5 8.1 10.3 8.5 9.0 8.8 8.8 8.6 10.7 9.9 8.7 
252 11.0 10.7 10.2 8.5 8.4 8.7 10.9 8.9 10.2 8.6 10.2 
253 9.8 10.7 9.5 7.3 9.3 8.0 8.9 9.1 9.3 8.3 9.2 
254 8.8 10.3 9.4 9.0 8.2 9.4 7.7 8.8 10.0 9.1 8.4 
255 9.2 6.6 8.4 8.3 11.0 9.0 7.1 7.7 8.8 6.9 10.3 
256 9.1 9.4 9.7 9.1 10.8 8.5 10.2 8.6 9.0 9.5 8.7 
257 10.6 9.6 8.7 8.1 10.9 8.4 9.1 8.6 8.3 9.0 8.0 
258 9.1 9.3 9.9 9.0 8.1 9.7 9.1 9.1 9.7 8.7 7.9 
259 9.2 9.0 9.8 8.5 7.9 8.8 9.6 9.4 8.8 8.2 9.5 
260 10.0 7.9 7.4 10.2 7.6 8.7 8.5 8.8 9.0 8.3 8.4 
261 8.4 9.8 8.5 8.4 10.0 8.5 11.1 8.4 7.9 10.0 9.6 
262 7.6 9.6 8.2 9.3 9.1 9.5 9.4 9.2 9.2 8.6 8.7 
263 7.9 9.1 9.9 9.0 9.1 11.4 8.2 9.4 10.4 9.2 7.9 
264 8.6 9.9 8.3 7.6 10.9 7.6 9.0 9.4 8.4 10.2 9.2 
265 8.0 8.1 9.1 6.9 10.2 9.0 7.9 9.0 10.8 9.8 7.7 
266 9.7 8.2 10.8 8.5 8.8 9.9 9.5 7.8 9.1 10.2 8.0 
267 8.9 8.8 7.4 7.1 10.8 8.0 9.6 7.7 10.3 8.1 8.9 
268 10.0 10.1 9.7 8.9 9.9 8.0 8.6 9.6 8.1 8.7 10.1 
269 7.6 10.2 8.6 7.5 9.2 9.3 10.3 10.1 6.4 10.3 10.1 
270 10.1 7.2 10.0 9.6 9.6 8.6 9.5 9.7 7.2 9.8 9.5 
271 7.7 10.2 9.2 9.3 10.3 12.1 8.8 9.8 10.6 8.0 8.2 
272 11.2 7.7 8.5 8.9 10.1 10.0 7.9 8.6 9.0 9.4 9.5 
273 9.8 10.2 9.8 9.3 10.0 8.9 11.0 9.0 8.9 9.9 7.7 
274 8.7 8.9 9.2 8.2 10.4 10.3 8.6 10.8 7.6 9.0 9.4 
275 8.6 9.2 8.6 8.4 8.6 8.6 8.7 9.4 8.7 10.4 8.2 
276 8.3 8.5 9.1 8.8 8.5 8.3 9.6 9.9 9.3 10.3 8.8 
277 10.6 10.8 7.7 9.4 11.1 8.7 10.5 10.7 12.1 9.7 8.3 
278 10.1 9.5 10.8 7.7 8.1 9.0 7.2 9.0 9.2 7.9 7.2 
279 10.1 9.8 8.6 9.3 9.2 8.6 7.2 9.9 11.2 10.3 9.3 
280 9.0 8.8 9.2 8.9 10.2 9.1 8.8 8.9 8.4 9.0 10.6 
281 7.6 8.8 7.9 8.5 10.3 8.9 10.3 8.1 9.5 9.0 9.2 
282 8.0 7.0 9.1 8.1 10.0 8.2 11.1 8.5 7.8 9.0 8.2 
283 10.0 7.9 8.6 9.3 9.1 8.6 9.5 8.6 9.1 8.7 9.9 
284 9.0 9.5 9.4 8.2 8.1 9.9 10.8 7.2 10.0 8.4 9.0 
285 9.0 8.8 9.8 7.6 9.0 8.2 8.6 9.8 10.7 10.1 10.0 
286 9.0 9.0 9.0 8.0 8.3 9.5 8.2 9.3 11.0 11.0 7.9 
287 9.3 8.5 8.2 8.6 9.0 9.8 8.9 8.5 8.9 8.5 9.1 
288 9.0 11.3 7.2 9.7 7.9 8.8 8.8 10.2 8.3 9.1 8.7 
289 11.0 10.5 10.2 9.1 9.5 8.6 9.8 8.6 8.7 8.9 8.6 
290 8.6 9.2 6.7 8.9 10.1 10.5 9.7 10.0 8.6 8.3 10.6 
291 9.3 11.2 8.0 9.8 9.6 8.5 10.3 8.8 9.6 9.8 10.0 
292 8.4 10.7 8.5 8.1 7.7 8.6 9.5 7.5 7.7 9.6 9.4 
293 9.0 10.0 9.9 7.6 9.2 7.8 8.4 10.1 11.1 8.9 9.3 
294 10.9 9.9 10.0 8.1 9.4 8.7 7.7 8.2 9.3 8.6 9.2 
295 9.3 9.6 8.8 9.8 9.9 8.1 8.6 8.1 8.8 11.4 10.8 
296 8.6 7.8 8.9 10.0 9.7 8.9 8.2 7.3 9.6 9.5 8.8 
297 10.0 7.3 10.0 9.3 10.3 8.9 8.5 9.2 7.5 9.1 10.0 
298 9.5 9.0 9.5 10.0 8.0 8.9 10.1 7.9 7.5 9.7 8.0 
299 9.8 10.2 9.6 9.6 9.1 9.6 8.5 8.8 9.7 9.6 9.6 
300 9.5 9.0 6.7 9.2 7.5 9.0 8.8 10.5 8.6 8.5 10.5 
301 9.3 10.2 9.6 8.3 10.1 8.8 9.5 7.7 10.3 10.6 9.2 
302 8.2 8.7 8.8 8.0 8.9 8.1 8.9 8.7 8.3 8.4 9.7 
303 9.7 7.9 8.7 9.3 9.3 7.1 8.7 8.7 6.7 10.0 9.2 
304 9.9 9.7 8.4 7.3 8.4 7.6 9.8 11.2 8.0 8.3 8.2 
305 7.6 8.9 10.2 8.6 11.0 10.2 8.9 8.5 8.7 10.2 8.7 
306 9.8 10.1 10.7 9.4 10.6 10.0 9.0 10.3 8.0 11.1 10.3 
307 9.7 8.8 8.9 11.3 11.2 8.8 8.8 9.6 9.6 10.3 9.6 
308 8.5 8.0 8.1 7.8 9.0 8.0 9.4 10.0 7.8 9.5 8.6 
309 8.8 8.7 9.7 7.7 8.5 8.7 8.6 8.4 7.0 8.3 9.2 
310 10.2 8.3 7.3 9.1 9.4 11.6 9.5 8.6 10.1 9.1 11.6 
311 7.2 8.8 8.7 8.6 10.6 10.0 8.2 10.0 8.9 9.1 8.7 
312 9.5 9.5 8.9 9.5 7.7 9.8 8.8 9.9 8.6 8.7 10.0 
313 7.0 8.7 9.6 9.5 9.0 8.1 9.2 8.5 8.8 10.6 9.2 
314 10.3 10.7 8.9 9.7 8.8 10.6 10.0 8.9 8.7 10.5 7.5 
315 9.8 8.1 10.6 8.8 6.8 8.3 8.4 10.1 9.6 9.7 8.8 
316 7.6 8.9 6.1 8.8 7.2 10.7 8.6 10.2 8.4 9.5 9.0 
317 9.7 8.3 9.9 9.0 8.4 9.3 10.5 9.6 8.7 9.1 10.0 
318 9.4 10.7 8.5 7.9 8.1 8.9 9.4 8.6 7.8 8.6 9.4 
319 8.1 10.0 8.6 8.6 9.0 8.8 10.1 8.3 6.9 8.6 9.4 
320 8.0 10.1 8.3 8.6 9.4 8.6 10.2 8.9 8.9 9.3 8.9 
321 8.2 9.0 9.7 7.2 8.2 10.7 9.7 8.9 9.2 9.2 6.8 
322 9.5 10.0 9.1 9.5 8.0 9.4 9.9 7.8 9.2 9.2 8.1 
323 9.3 8.8 10.0 10.9 9.9 8.5 10.1 9.8 9.3 8.6 10.6 
324 7.5 9.1 8.4 9.3 8.7 9.3 8.7 10.0 9.3 8.1 8.9 
325 8.6 10.4 8.4 8.4 9.6 8.9 8.3 10.3 9.9 9.7 9.1 
326 10.6 9.5 8.9 9.0 8.6 10.3 9.9 9.2 10.8 10.6 11.3 
327 7.9 10.1 8.4 9.3 8.1 8.8 8.1 9.2 8.5 10.1 9.7 
328 7.7 8.1 7.8 8.2 7.9 7.1 8.6 10.1 8.9 10.6 9.8 
329 8.5 8.9 8.6 10.5 10.8 7.7 9.7 8.5 7.1 11.1 7.4 
330 7.5 10.2 8.1 9.9 8.8 10.7 9.1 8.7 9.5 9.9 8.6 
331 9.7 10.3 8.4 9.8 8.2 9.9 9.5 8.0 7.5 10.2 8.7 
332 8.6 9.8 9.4 9.7 9.8 10.1 9.0 9.1 9.5 10.1 8.6 
333 7.8 8.6 8.6 9.8 9.6 10.2 9.9 10.6 9.9 9.3 9.7 
334 8.7 11.2 8.2 9.1 9.2 8.5 8.0 7.9 8.8 9.0 9.3 
335 9.2 10.5 10.3 8.6 8.6 8.2 9.6 6.8 8.4 9.1 10.1 
336 8.5 10.1 7.5 9.0 9.3 9.2 8.7 9.2 9.1 8.1 9.8 
337 9.5 7.7 8.5 9.1 9.2 8.9 8.3 9.5 8.9 8.5 9.0 
338 8.5 9.3 7.8 9.5 8.8 7.0 7.3 9.2 9.7 9.2 8.8 
339 9.0 8.8 9.5 10.0 9.6 10.8 8.2 11.3 7.6 8.6 7.6 
340 9.9 10.4 7.9 9.5 11.1 7.5 10.0 9.0 9.1 7.9 9.3 
341 7.0 8.2 10.0 9.5 9.4 9.3 9.2 9.7 10.3 9.5 9.5 
342 8.5 9.5 9.6 7.0 10.2 9.7 8.5 9.0 11.1 9.0 8.1 
343 8.7 11.6 6.5 8.1 9.2 10.3 10.0 7.5 7.3 8.1 8.0 
344 10.2 9.7 9.8 9.8 9.7 9.5 8.4 9.3 10.4 7.8 9.9 
345 8.4 8.2 9.8 10.1 8.0 8.5 8.5 10.7 9.4 8.7 9.4 
346 11.3 8.6 9.8 8.5 9.1 7.6 8.9 8.7 8.0 8.4 11.5 
347 8.9 8.4 7.9 10.6 9.1 10.6 8.8 9.2 9.4 9.7 8.6 
348 10.1 8.3 8.5 11.1 10.3 7.7 11.5 7.2 9.9 9.6 8.9 
349 8.1 10.4 7.8 8.2 9.0 9.2 9.4 9.0 7.5 8.5 9.8 
350 8.1 9.0 9.8 9.7 9.0 9.1 7.7 9.3 7.5 11.4 8.0 
351 9.1 10.3 10.3 9.2 6.9 9.0 10.7 8.5 8.9 9.0 8.7 
352 11.2 9.2 8.8 6.4 9.1 9.2 9.2 10.1 8.8 10.4 8.7 
353 8.8 8.0 8.7 10.4 8.3 9.4 9.5 8.2 8.5 8.7 9.7 
354 9.3 10.1 9.1 9.1 9.0 9.0 8.8 10.3 9.6 9.1 8.6 
355 10.0 8.4 10.0 6.1 10.7 8.9 9.0 8.4 9.2 7.1 7.4 
356 10.6 10.5 8.3 9.2 9.0 9.5 9.9 11.8 6.8 10.5 9.5 
357 9.6 9.2 8.2 8.9 9.0 10.4 9.2 9.2 8.7 8.1 8.9 
358 9.7 10.8 10.7 10.2 9.8 9.8 8.6 8.2 10.9 6.8 9.6 
359 10.0 10.2 9.6 10.4 10.3 8.7 9.3 7.2 8.1 9.3 9.9 
360 11.1 8.3 8.4 8.7 8.6 8.8 8.1 9.1 8.2 9.0 9.0 
361 9.3 8.3 10.2 9.1 8.6 8.3 8.1 8.7 8.8 9.4 8.5 
362 9.1 9.5 9.9 7.9 8.4 9.4 9.8 8.8 9.4 9.4 7.3 
363 10.0 8.1 9.2 7.7 9.5 9.6 9.4 12.1 11.0 8.4 7.0 
364 8.9 8.5 8.9 8.4 7.6 11.0 9.2 8.8 7.7 9.8 8.5 
365 8.8 10.6 8.9 7.8 10.1 7.7 10.0 9.5 10.6 9.7 10.3 
366 8.9 8.9 7.6 9.0 11.1 9.5 11.0 7.9 9.6 9.7 8.8 
367 10.0 7.6 8.2 8.7 8.6 7.3 11.1 8.8 8.8 8.9 9.5 
368 9.4 8.4 10.1 9.7 8.5 10.0 9.4 8.5 7.8 10.3 10.8 
369 7.7 8.8 10.0 9.6 9.8 9.6 9.9 10.3 9.0 10.2 8.2 
370 8.1 10.2 9.4 7.2 7.8 9.3 9.4 9.7 11.0 8.5 8.8 
371 10.8 8.1 8.6 10.6 9.8 8.6 7.5 9.8 8.8 9.5 8.7 
372 10.1 8.2 6.8 9.6 11.0 8.5 10.7 9.2 9.5 8.9 7.5 
373 8.8 10.1 9.2 8.9 8.2 9.9 10.1 8.2 9.8 8.3 8.9 
374 6.7 8.7 9.4 9.2 10.2 10.4 8.3 9.5 8.5 9.1 9.4 
375 9.6 8.9 8.7 9.4 8.8 9.4 9.5 10.1 9.6 9.2 9.4 
376 10.1 9.9 7.8 9.9 9.9 8.4 11.1 9.7 8.3 8.1 10.2 
377 8.1 9.0 9.0 8.6 8.8 8.2 9.1 9.0 11.2 9.3 8.0 
378 8.5 9.8 7.8 8.8 7.5 8.2 8.4 9.2 8.4 7.2 8.1 
379 10.4 10.0 6.9 8.7 7.7 7.0 8.8 9.2 9.4 8.9 10.5 
380 8.6 9.7 8.5 8.4 8.5 8.0 10.1 8.1 9.4 10.0 10.4 
381 8.3 10.0 10.4 10.1 10.3 10.4 8.9 8.1 8.3 8.9 8.6 
382 7.5 8.3 9.1 8.6 10.1 8.7 8.0 9.7 9.0 10.0 8.7 
383 8.9 10.4 9.1 8.7 9.9 9.2 9.6 9.4 9.4 10.5 7.9 
384 9.0 9.6 8.8 9.9 7.6 10.5 7.7 7.5 8.7 9.6 9.0 
385 9.3 9.5 7.3 9.5 9.2 8.9 7.8 9.6 9.9 7.5 8.9 
386 9.7 8.7 8.2 8.1 8.1 11.0 8.5 9.5 9.3 6.3 8.0 
387 9.3 10.2 10.2 8.3 8.7 9.1 8.6 9.8 8.9 9.2 6.8 
388 10.7 8.3 7.5 8.8 8.4 10.6 9.1 8.9 10.7 7.6 9.0 
389 8.8 9.0 9.6 8.5 9.0 9.1 9.6 8.1 8.1 8.8 10.3 
390 8.1 8.9 10.0 9.1 8.9 9.7 9.3 8.0 8.2 8.5 11.0 
391 8.2 8.2 11.1 8.1 10.6 8.6 8.6 9.3 10.1 8.6 7.5 
392 8.3 9.0 9.5 9.2 8.5 10.2 8.6 9.0 7.9 9.9 10.0 
393 10.9 8.5 10.0 8.5 9.7 9.4 8.6 8.9 9.4 9.4 10.0 
394 9.1 9.4 10.5 8.3 8.6 10.6 10.2 10.4 9.8 9.4 9.4 
395 10.1 9.7 8.9 9.9 9.9 10.1 7.4 8.6 8.4 9.9 6.8 
396 9.0 10.2 7.9 7.9 8.6 10.9 9.5 9.2 9.5 7.2 8.8 
397 9.6 10.1 9.4 9.0 7.9 8.9 10.8 8.8 9.9 6.5 9.6 
398 10.1 8.7 9.6 8.8 8.6 8.6 9.4 9.3 8.1 9.4 9.2 
399 9.4 8.5 10.3 8.2 8.0 9.2 7.8 8.6 8.6 9.3 8.8 
400 6.7 9.2 8.4 10.6 8.7 10.4 9.8 9.4 11.1 9.6 8.9 
401 8.8 6.8 9.3 8.7 6.4 7.6 8.2 9.2 8.6 8.5 9.8 
402 10.6 9.3 8.2 8.3 8.9 8.5 9.5 8.9 10.4 10.3 8.5 
403 9.9 9.4 9.5 10.4 8.5 10.5 8.4 8.8 9.0 9.0 8.1 
404 8.7 9.8 9.8 9.6 8.7 10.5 8.1 9.1 9.5 9.7 9.2 
405 8.8 9.9 10.0 9.2 9.2 9.4 9.2 8.5 10.0 10.2 9.6 
406 8.8 9.5 7.0 8.6 10.3 8.8 9.6 8.5 8.9 10.0 10.9 
407 10.5 8.6 9.4 10.0 7.8 8.2 10.3 9.8 9.7 9.6 8.4 
408 7.1 8.5 9.4 8.9 8.0 8.7 9.7 8.7 11.2 9.6 9.9 
409 8.6 7.7 8.1 8.8 9.3 10.5 8.4 8.4 10.5 9.1 9.8 
410 9.8 10.3 7.8 8.8 9.3 9.9 11.5 10.7 7.8 9.4 9.7 
411 10.9 8.5 7.9 8.8 9.1 8.6 7.9 8.5 10.4 9.7 8.9 
412 11.0 8.1 9.4 8.2 7.9 9.4 10.4 9.7 7.9 7.5 10.0 
413 7.6 9.7 11.0 8.9 7.7 8.7 8.9 9.0 8.8 9.6 8.1 
414 8.3 7.9 7.8 9.7 8.9 11.2 9.1 7.8 10.2 8.6 9.8 
415 10.1 8.0 9.2 10.3 8.2 8.9 8.2 9.4 8.7 8.9 8.8 
416 10.1 10.0 9.5 10.8 7.9 9.0 7.7 8.1 8.7 10.0 8.3 
417 9.9 10.1 10.2 10.2 8.1 8.6 9.5 9.1 8.7 6.2 9.7 
418 8.8 10.6 8.3 10.6 7.4 8.5 7.8 9.5 8.3 8.0 9.4 
419 7.5 9.6 7.4 7.9 9.3 9.0 9.4 7.2 10.2 9.6 8.6 
420 9.6 9.2 10.8 8.8 7.9 8.4 10.3 9.2 9.5 10.3 9.6 
421 7.8 9.1 10.2 8.6 10.6 7.7 9.0 8.5 8.9 7.4 11.4 
422 7.2 8.8 8.1 10.7 9.1 10.4 8.7 9.2 9.0 8.7 10.5 
423 7.7 9.0 9.3 8.3 7.3 9.4 8.6 11.1 9.1 9.9 9.0 
424 9.7 8.9 9.5 10.5 8.9 8.6 8.8 9.6 10.6 9.0 9.3 
425 8.7 8.1 9.2 12.2 10.6 9.4 8.3 9.0 9.0 9.2 8.8 
426 7.5 7.9 9.7 9.2 9.1 8.2 9.1 10.4 7.8 10.0 8.7 
427 9.0 9.7 9.9 8.8 10.5 8.8 8.7 6.3 9.2 8.7 9.2 
428 9.1 8.1 10.2 8.3 9.0 10.2 8.2 8.6 8.3 7.2 8.0 
429 9.7 11.4 8.7 8.6 8.7 9.3 9.3 10.5 9.5 8.6 10.9 
430 8.3 8.9 8.3 10.1 10.0 9.9 10.3 8.8 9.6 8.3 10.3 
431 9.7 8.3 9.3 7.5 7.7 9.2 11.4 8.5 8.3 9.7 9.4 
432 9.4 6.8 8.7 10.2 8.8 8.8 10.1 7.4 8.0 9.2 8.5 
433 7.5 10.4 8.4 8.4 10.4 9.4 8.8 7.9 10.2 8.4 9.0 
434 10.1 9.5 9.8 8.4 7.3 9.4 11.6 9.9 9.9 10.9 8.6 
435 8.6 8.7 9.1 8.2 8.1 8.6 9.1 9.0 9.2 8.6 7.3 
436 10.2 9.0 8.0 10.1 7.7 10.0 9.1 11.2 10.2 10.5 7.9 
437 11.1 9.4 10.9 7.9 8.9 8.6 8.8 9.3 6.4 9.2 8.7 
438 9.0 9.4 8.7 11.2 9.1 8.2 8.4 9.6 8.5 11.0 11.4 
439 7.2 9.3 9.4 9.4 6.7 7.4 8.7 9.8 9.9 11.3 8.8 
440 8.8 9.1 10.0 9.0 10.8 9.6 9.6 10.6 8.6 9.6 9.6 
441 8.1 9.4 8.9 8.5 9.1 8.5 7.8 7.5 9.0 9.1 9.4 
442 8.6 9.4 10.6 9.7 8.9 8.2 9.5 10.7 8.5 8.7 9.9 
443 8.6 9.5 10.6 9.3 9.7 9.5 10.6 9.7 8.9 8.9 7.3 
444 8.4 9.2 9.1 8.8 8.3 8.0 10.3 10.3 9.3 10.6 8.4 
445 9.6 7.0 8.7 8.7 8.9 7.8 8.4 8.2 8.2 7.7 9.0 
446 9.7 10.4 10.3 8.2 8.5 10.9 8.4 8.8 11.0 9.6 8.9 
447 9.6 10.4 9.3 8.0 8.9 8.8 8.6 7.9 10.3 7.9 8.5 
448 8.8 10.6 8.6 9.2 10.5 8.0 9.5 8.2 9.8 10.1 8.8 
449 7.0 8.9 8.7 7.3 9.7 8.1 8.2 8.8 8.9 10.1 9.4 
450 11.6 9.3 8.8 9.9 9.4 11.0 9.9 8.1 8.5 9.2 10.2 
451 9.7 9.3 8.1 10.1 8.9 10.0 8.1 10.1 9.8 8.6 10.6 
452 9.2 8.7 9.5 9.1 8.1 10.4 8.6 8.7 8.1 8.7 9.3 
453 8.4 7.1 8.9 9.6 8.7 11.2 9.9 9.6 9.8 8.4 10.0 
454 9.0 11.2 8.2 10.6 9.3 8.9 8.1 9.9 9.1 8.1 8.8 
455 8.2 9.1 9.0 9.5 9.2 9.4 9.8 9.1 9.3 8.9 8.4 
456 7.9 10.0 8.2 11.4 8.6 8.7 9.4 7.8 9.0 7.9 8.3 
457 9.3 7.8 8.1 9.9 9.3 6.5 10.1 9.5 6.8 9.7 8.3 
458 9.4 8.1 8.4 9.1 9.5 9.4 9.1 9.9 8.2 9.2 9.3 
459 8.0 9.6 8.6 9.6 8.2 9.1 7.5 7.2 8.4 9.3 10.6 
460 8.1 9.1 9.2 8.2 9.6 9.5 11.1 9.4 10.3 9.8 9.0 
461 8.3 9.0 8.1 8.0 7.5 7.8 9.3 11.5 8.1 9.2 9.6 
462 8.6 9.4 8.3 9.0 9.6 8.1 10.2 8.0 9.8 9.5 9.6 
463 9.7 8.8 12.0 8.9 8.5 10.1 10.2 9.1 7.7 8.4 8.8 
464 9.0 9.1 9.3 9.5 8.8 8.7 10.1 8.5 8.6 9.3 8.5 
465 8.9 10.9 8.4 8.7 8.3 9.0 11.3 7.4 8.4 9.0 9.2 
466 11.7 8.2 8.0 10.3 9.2 8.8 10.0 9.4 8.7 8.6 9.0 
467 9.1 10.4 8.7 9.3 12.6 9.8 7.9 9.5 9.2 9.1 7.8 
468 8.6 10.6 9.0 8.1 9.5 9.0 9.3 9.3 7.3 8.2 7.2 
469 9.9 9.8 9.4 8.3 7.8 9.0 8.4 9.5 10.4 9.5 10.0 
470 10.4 8.0 9.2 9.6 8.9 9.3 9.1 10.4 8.5 8.7 10.6 
471 7.7 9.1 7.7 10.3 10.3 8.0 8.9 9.4 8.8 9.6 9.4 
472 8.7 10.2 8.1 9.8 10.2 8.8 10.0 7.4 10.0 8.0 8.9 
473 9.9 8.5 10.6 9.7 8.4 10.8 8.9 8.4 9.3 9.3 9.5 
474 9.1 8.5 8.8 8.0 8.7 8.6 8.1 7.9 7.5 8.8 10.4 
475 9.6 11.4 9.0 9.6 9.8 9.2 9.0 9.0 10.0 10.4 10.3 
476 8.6 9.9 8.8 8.5 9.9 8.0 9.6 10.3 7.3 10.1 7.8 
477 7.9 9.6 8.8 8.8 8.8 8.7 11.2 9.5 7.3 7.3 9.5 
478 8.5 9.6 7.9 7.9 7.9 9.4 10.0 8.7 9.5 9.5 9.6 
479 9.2 8.6 8.5 8.3 10.1 10.0 9.7 7.6 9.7 10.2 8.9 
480 10.8 8.7 9.5 7.9 11.3 8.3 9.3 9.7 9.8 8.3 8.7 
481 9.3 9.8 9.6 8.6 8.3 9.1 8.8 9.6 9.5 9.7 8.6 
482 6.9 8.6 8.4 9.0 8.9 10.3 9.0 7.8 8.7 9.8 7.5 
483 9.4 11.1 9.8 9.7 7.2 9.8 7.7 8.4 8.9 10.0 10.4 
484 10.8 9.1 8.8 10.6 8.9 8.5 8.9 9.0 8.3 8.1 8.7 
485 7.9 9.5 8.6 8.9 9.4 8.4 8.7 8.7 10.2 10.2 10.6 
486 8.2 10.8 10.5 8.1 8.5 7.6 8.9 10.2 9.0 7.4 8.8 
487 8.5 10.1 9.5 9.1 11.7 9.5 8.9 9.1 8.8 11.3 8.8 
488 8.5 10.9 10.0 8.1 8.1 8.9 8.8 8.9 8.5 8.7 8.1 
489 10.1 8.8 9.2 8.4 8.6 9.2 9.2 9.3 9.9 11.1 10.8 
490 8.6 8.4 8.9 9.3 8.7 9.1 9.4 10.3 9.4 9.8 8.5 
491 9.2 8.5 8.5 9.2 8.8 10.2 10.3 8.6 9.5 10.1 9.6 
492 9.7 10.6 7.5 8.5 9.5 8.5 8.2 9.4 7.5 10.0 8.9 
493 9.7 8.8 8.8 8.2 9.6 9.1 9.2 8.6 8.7 9.3 9.6 
494 10.2 10.0 9.2 11.2 9.8 9.8 9.8 9.2 8.3 10.4 8.4 
495 10.0 8.4 8.9 7.6 9.1 9.5 9.5 10.5 8.9 11.7 9.2 
496 10.6 11.0 9.9 9.3 11.3 9.5 8.8 9.0 9.2 10.6 9.8 
497 10.6 9.5 8.7 10.5 10.1 9.9 9.2 10.2 9.8 10.8 6.9 
498 10.8 9.8 7.6 9.1 11.8 11.0 9.6 8.9 8.0 9.8 9.8 
499 4.1 4.2 4.2 3.2 5.4 6.3 5.3 5.1 5.1 4.6 4.9 
