0 3.8 40.7 52.6 50.8 43.5 45.9 50.7 53.3 47.8 50.4 45.4 
1 10.7 83.6 83.2 97.9 82.4 95.4 96.1 93.1 81.3 89.0 87.2 
2 9.5 75.0 80.1 81.0 81.4 79.4 83.5 82.1 76.4 80.6 77.2 
3 8.7 61.2 73.4 78.5 74.3 80.1 77.0 77.4 72.6 78.3 78.4 
4 10.2 58.9 66.3 67.0 70.1 71.4 69.0 69.4 64.0 68.6 66.1 
5 8.7 54.7 61.5 69.2 63.4 65.0 63.4 61.9 64.1 64.3 64.2 
6 10.0 46.7 55.4 64.5 59.1 64.8 62.7 62.2 58.3 68.3 60.0 
7 10.2 45.5 48.2 56.9 57.8 59.4 61.8 59.3 59.1 63.3 56.1 
8 10.2 36.1 49.7 59.6 56.6 54.1 60.2 60.7 62.1 61.9 59.3 
9 8.3 29.2 45.6 60.1 54.7 60.5 54.8 57.6 58.1 60.1 54.9 
10 9.1 27.7 44.8 55.8 57.0 62.3 62.0 57.5 60.7 58.6 56.4 
11 10.1 24.9 44.4 51.4 55.2 59.8 57.2 61.4 59.7 61.9 59.4 
12 8.6 22.8 37.8 51.5 53.1 63.7 56.6 60.1 57.5 60.8 65.7 
13 8.6 19.6 34.4 51.6 55.2 54.7 59.0 63.7 65.1 62.3 60.3 
14 8.1 16.5 36.0 48.8 57.1 59.5 58.6 64.4 63.1 63.7 58.8 
15 8.5 15.3 33.7 51.8 57.1 58.9 56.0 67.1 68.4 63.4 65.0 
16 9.5 13.5 27.7 48.6 55.2 60.0 58.7 66.2 70.4 65.1 65.0 
17 7.7 13.8 28.4 48.7 55.7 64.0 60.0 67.2 62.0 63.3 68.3 
18 8.9 10.9 28.2 40.0 51.8 57.9 61.1 68.8 63.3 68.7 75.3 
19 10.2 8.8 24.8 39.8 54.5 61.5 62.8 67.6 70.3 69.9 79.0 
20 10.4 10.7 17.3 35.0 48.6 56.1 58.9 68.3 77.1 73.2 78.9 
21 9.4 10.0 17.2 37.4 45.5 53.5 63.6 67.6 77.3 80.6 77.2 
22 9.5 8.0 15.8 30.7 44.8 55.4 63.0 73.0 79.3 83.0 80.1 
23 9.1 7.5 12.7 29.5 45.3 54.0 61.8 69.7 74.5 77.8 85.9 
24 9.3 9.0 13.0 22.4 39.2 52.1 63.4 73.1 79.1 81.3 84.1 
25 8.2 6.8 11.1 21.6 35.4 55.8 63.7 77.3 88.4 87.8 87.1 
26 11.3 9.3 11.2 20.1 35.5 50.4 59.7 72.2 86.0 93.0 88.3 
27 7.1 9.2 9.2 18.0 29.2 48.3 63.4 74.5 92.3 91.5 106.8 
28 9.2 7.8 9.3 16.1 27.6 43.0 59.0 73.5 90.4 100.2 105.8 
29 9.0 10.1 9.0 15.0 24.9 42.3 56.7 70.4 92.0 99.5 107.4 
30 9.8 10.0 7.8 10.1 22.5 34.2 52.2 68.6 89.8 105.4 119.5 
31 9.9 10.0 7.6 11.0 17.9 33.1 50.6 65.0 98.9 111.4 124.7 
32 8.6 7.7 8.6 9.6 20.5 30.5 47.1 70.3 96.3 113.8 136.5 
33 9.3 8.2 10.6 10.7 14.8 25.1 40.5 61.8 94.7 113.4 150.5 
34 8.5 8.0 9.2 9.9 13.8 25.3 38.4 62.8 89.9 117.1 150.4 
35 9.5 9.9 10.0 10.6 11.6 19.1 35.9 56.1 90.3 122.3 162.1 
36 9.8 8.6 9.2 7.9 10.9 15.8 33.6 52.1 85.2 118.3 174.1 
37 7.9 7.3 10.3 11.4 8.9 13.8 26.7 46.3 79.0 127.4 197.6 
38 7.1 11.2 9.3 10.6 10.5 15.0 22.9 42.2 76.1 115.0 218.1 
39 8.8 9.5 9.0 9.6 8.6 10.9 20.6 35.6 70.7 113.4 229.5 
40 8.8 6.0 11.9 7.8 10.0 12.2 16.4 32.7 58.8 112.3 249.4 
41 10.7 9.6 9.1 8.5 8.9 10.9 14.7 26.7 57.2 100.7 277.5 
42 9.2 9.2 10.1 8.0 9.2 11.3 13.1 19.5 46.4 94.5 289.5 
43 9.6 9.0 9.6 9.5 10.3 8.8 10.4 21.2 38.8 92.4 301.9 
44 9.0 8.8 8.7 9.7 10.7 9.3 12.7 19.2 35.8 73.0 325.9 
45 9.3 9.5 8.7 9.4 8.8 7.8 10.3 13.2 29.8 68.6 327.4 
46 9.6 9.4 11.0 8.7 8.5 7.6 10.5 14.0 20.2 53.5 328.2 
47 8.8 9.8 9.8 12.0 8.1 8.7 9.0 9.8 17.9 41.8 305.6 
48 7.9 10.2 10.8 9.4 8.3 10.0 10.9 11.0 17.2 31.9 230.8 
49 9.0 10.8 8.3 9.3 9.9 10.3 8.7 8.4 14.4 23.6 175.4 
50 7.7 9.0 9.1 9.2 9.3 10.2 8.6 7.8 12.0 20.9 124.3 
51 9.3 9.9 9.2 8.8 8.2 7.0 8.0 8.4 11.4 16.3 91.8 
52 9.2 7.7 10.3 10.6 8.6 8.8 8.4 9.4 9.7 12.1 58.1 
53 9.0 7.1 9.2 8.7 10.2 8.8 7.9 8.3 9.9 9.4 41.7 
54 8.8 7.9 8.4 8.3 8.9 10.1 9.4 9.4 9.8 10.5 26.0 
55 9.2 9.7 8.0 10.1 8.9 10.2 7.6 10.2 9.5 10.9 17.9 
56 8.8 8.6 8.6 8.2 9.9 9.9 8.2 9.3 9.7 9.8 17.6 
57 9.8 8.3 10.3 10.5 7.8 10.6 8.8 9.7 8.9 10.3 12.8 
58 10.1 9.7 8.2 9.4 8.6 9.5 7.8 8.9 8.9 9.2 10.9 
59 9.1 8.7 9.1 9.0 8.5 9.4 7.7 8.7 9.4 9.5 10.9 
60 10.1 8.3 10.5 8.4 9.0 10.7 9.2 8.2 9.1 9.5 10.2 
61 8.6 10.1 10.0 7.9 10.3 9.6 8.9 7.6 9.5 8.8 8.8 
62 8.9 8.3 8.4 8.7 9.4 9.1 8.3 10.6 8.4 9.0 10.6 
63 11.3 8.5 8.3 8.3 9.2 8.5 9.6 9.1 8.7 9.5 10.0 
64 8.7 8.9 10.8 8.6 9.8 8.2 8.7 8.4 6.5 8.7 9.8 
65 9.9 9.5 8.0 9.7 10.8 9.9 9.5 8.6 10.3 7.9 10.3 
66 10.2 8.2 10.1 9.6 8.7 8.8 9.3 9.5 9.8 9.9 8.1 
67 8.3 8.1 7.1 8.8 8.0 10.4 8.0 8.1 9.4 9.2 8.8 
68 9.3 8.7 9.2 9.2 8.9 9.4 8.1 12.1 8.2 8.9 8.4 
69 9.8 8.1 10.4 9.8 10.3 8.5 8.8 8.9 10.0 7.2 9.1 
70 9.1 9.5 10.5 9.5 10.1 7.5 9.8 7.1 9.8 10.0 9.6 
71 10.3 7.5 7.1 7.4 8.9 9.6 8.9 8.6 7.1 9.3 10.0 
72 9.7 7.8 10.1 9.9 8.7 7.6 8.3 8.7 9.0 9.4 9.2 
73 9.2 9.8 7.2 8.7 9.0 7.8 8.1 9.7 10.5 8.7 9.6 
74 8.9 8.7 7.5 10.5 9.7 10.0 8.8 10.3 8.1 8.2 9.3 
75 8.1 10.2 8.6 8.6 8.5 8.1 8.8 9.0 10.0 9.2 9.6 
76 9.7 10.7 8.7 8.7 8.3 9.9 8.1 9.4 10.1 7.9 9.1 
77 9.4 7.3 7.6 8.4 9.3 9.4 10.8 9.0 10.1 8.9 9.5 
78 10.0 9.6 6.5 10.6 8.5 8.9 7.6 10.4 9.2 9.1 7.2 
79 8.6 9.7 9.2 10.5 8.5 10.2 11.0 9.7 9.9 9.7 9.7 
80 9.8 10.7 7.1 9.1 8.3 9.6 8.6 9.0 10.7 8.9 10.2 
81 9.5 10.1 7.6 8.5 8.4 8.3 8.3 8.6 9.7 10.9 7.1 
82 10.7 9.8 8.1 9.8 8.1 8.2 8.8 9.6 9.5 9.7 8.9 
83 9.3 8.0 9.0 9.1 9.9 8.8 9.7 7.3 7.5 8.8 8.3 
84 9.7 8.8 7.8 8.6 9.5 8.8 9.3 9.8 9.4 9.2 10.0 
85 8.3 10.4 8.6 9.9 9.3 9.2 8.3 8.9 9.0 8.2 8.0 
86 8.2 11.0 9.8 8.0 8.5 8.0 9.7 10.1 9.9 7.8 9.2 
87 8.0 7.7 11.8 9.2 9.0 6.9 8.4 9.4 10.0 8.1 11.0 
88 9.8 7.7 11.0 9.0 7.7 9.2 10.2 8.9 9.3 9.6 10.0 
89 9.0 9.0 7.6 7.9 9.0 8.4 8.2 7.8 9.3 8.8 8.5 
90 10.1 10.8 8.8 9.6 9.2 11.8 10.7 9.9 9.1 9.4 10.3 
91 9.9 8.6 8.7 8.3 8.6 8.3 9.6 10.1 10.0 8.1 10.4 
92 7.4 9.6 10.4 7.5 9.0 9.1 11.3 9.2 8.0 7.2 8.9 
93 9.9 10.7 8.8 9.0 9.4 9.4 9.8 7.4 9.0 11.6 9.2 
94 9.6 9.7 9.9 10.5 9.2 10.5 9.5 7.6 8.8 8.6 8.7 
95 8.2 9.4 9.2 10.2 9.9 8.3 9.5 9.1 9.1 8.8 11.5 
96 10.7 8.8 8.2 8.7 8.7 8.9 9.2 9.9 8.9 8.4 7.9 
97 8.3 8.3 7.6 9.1 7.5 8.7 8.8 9.7 8.3 10.1 9.1 
98 8.9 9.0 9.3 9.5 6.6 8.7 7.7 10.5 9.2 10.4 10.5 
99 9.3 8.5 9.0 8.4 8.7 11.2 9.8 9.4 9.4 8.8 8.8 
100 10.2 8.2 9.9 9.2 8.3 9.9 8.0 9.2 9.6 9.8 7.4 
101 8.6 9.4 8.2 8.8 9.6 8.7 8.1 9.9 10.3 8.8 9.8 
102 8.3 10.8 8.5 8.7 8.3 7.8 9.7 9.4 9.0 10.2 9.2 
103 9.4 9.4 8.4 9.4 9.4 8.1 9.4 9.0 8.3 7.0 9.7 
104 8.9 11.7 8.9 7.6 9.0 9.1 8.8 11.2 11.3 9.6 8.0 
105 9.2 10.5 9.3 8.7 11.2 8.4 10.0 8.7 7.7 8.5 7.2 
106 8.2 9.8 9.8 7.6 9.4 8.6 10.4 6.8 8.4 8.0 10.3 
107 12.6 7.8 9.8 9.2 9.2 9.5 7.9 9.1 6.1 8.6 8.3 
108 9.1 10.8 8.5 7.9 8.4 9.8 8.9 8.0 9.3 8.8 10.0 
109 10.5 10.1 7.7 8.9 10.2 8.0 9.2 9.1 9.5 7.9 9.3 
110 9.2 10.0 9.9 9.4 9.4 9.2 8.9 10.4 9.0 10.3 8.7 
111 8.4 10.4 8.5 7.9 9.1 10.0 10.3 6.7 9.2 8.6 7.4 
112 8.6 9.9 9.7 9.3 8.7 8.8 7.7 8.1 7.8 9.3 9.0 
113 8.2 10.9 10.0 8.2 8.9 8.5 10.2 10.4 8.7 11.0 8.0 
114 7.6 8.4 9.7 10.4 8.6 10.2 8.4 8.5 6.7 7.6 7.4 
115 9.0 7.8 8.5 9.8 10.3 8.2 8.8 8.9 10.6 7.8 7.9 
116 9.3 10.4 8.9 8.8 8.4 10.5 8.3 8.9 9.6 8.9 10.9 
117 8.6 8.4 7.4 9.0 7.3 8.9 10.6 9.6 9.9 10.7 8.6 
118 9.5 9.4 7.0 9.4 10.0 7.9 8.1 8.6 10.0 9.2 9.5 
119 12.1 8.8 9.2 9.3 10.3 9.2 11.2 9.8 7.7 8.3 7.9 
120 10.8 10.6 9.7 8.6 9.7 9.3 10.4 10.2 8.7 8.4 8.3 
121 6.3 8.0 6.5 10.6 10.0 8.6 10.0 8.7 9.4 9.9 10.2 
122 8.2 9.7 8.2 10.9 9.1 10.7 9.4 8.2 9.6 9.6 7.8 
123 9.0 8.6 9.0 8.3 8.8 8.3 9.0 8.6 9.5 9.2 10.4 
124 8.9 10.3 10.6 9.0 9.1 10.0 9.9 9.2 9.8 10.6 9.3 
125 9.7 10.3 9.3 9.1 9.9 8.2 9.3 8.9 10.3 7.3 9.4 
126 8.3 8.5 8.5 8.8 7.8 9.3 9.0 8.6 8.7 9.5 8.9 
127 8.8 9.6 8.3 9.4 8.1 8.4 10.3 9.4 10.8 8.5 7.7 
128 7.8 9.1 8.4 9.9 9.7 8.1 10.9 10.5 8.7 8.7 8.0 
129 8.4 7.9 9.0 8.9 8.9 9.9 9.4 9.1 10.0 8.6 8.7 
130 7.0 8.0 8.7 10.5 10.3 10.8 9.5 9.2 9.9 8.5 9.0 
131 9.1 9.7 7.7 8.5 8.1 8.3 8.4 8.6 10.0 8.0 9.1 
132 8.4 9.6 9.1 9.2 8.7 7.5 10.1 9.4 7.5 6.9 8.8 
133 8.9 9.6 8.8 8.3 11.4 8.6 8.1 8.3 9.2 9.3 10.0 
134 10.7 10.0 9.5 9.8 11.6 10.5 10.4 9.0 7.8 10.0 10.0 
135 8.4 11.0 9.8 7.8 10.0 9.5 8.4 9.8 9.2 9.4 9.5 
136 9.3 9.9 9.0 8.0 7.2 10.2 8.9 10.2 8.0 9.2 9.7 
137 9.3 7.7 7.3 9.9 9.4 8.6 10.4 9.9 8.1 8.9 8.6 
138 8.1 8.2 8.0 8.2 7.7 8.8 8.9 10.0 9.6 7.1 7.4 
139 7.8 10.1 8.7 10.1 9.3 8.9 9.0 8.9 10.6 10.4 9.2 
140 7.9 10.5 8.7 9.1 9.0 10.3 8.3 10.5 7.9 9.4 8.9 
141 10.9 9.2 8.9 10.0 10.7 8.7 6.8 9.5 7.9 10.5 8.6 
142 8.4 9.8 8.8 7.9 11.7 8.8 10.2 9.3 9.6 9.9 9.4 
143 8.6 8.9 9.9 7.6 7.5 9.7 8.9 9.1 9.2 7.4 8.3 
144 8.2 9.4 9.2 9.5 9.5 10.0 9.3 8.2 9.0 9.0 11.0 
145 9.6 10.1 8.3 7.4 7.8 9.2 8.5 10.0 9.6 7.8 9.4 
146 10.6 8.9 9.0 9.4 8.4 10.1 9.1 11.4 11.5 8.2 9.3 
147 9.2 8.8 7.6 7.7 9.9 9.4 9.7 8.1 9.9 10.3 8.6 
148 9.2 8.9 8.9 9.5 7.8 7.3 9.1 8.6 8.0 8.9 9.8 
149 8.7 10.4 10.1 9.6 8.2 9.0 11.3 9.2 7.5 9.7 10.9 
150 9.7 8.8 8.8 9.2 9.7 10.1 8.5 9.6 8.7 10.0 9.0 
151 7.8 8.3 8.8 10.2 8.7 7.8 9.8 10.1 7.6 8.8 7.8 
152 8.8 9.0 7.5 7.4 10.0 10.2 9.6 8.7 10.3 7.3 9.8 
153 9.1 11.4 10.7 8.9 9.6 8.6 9.6 9.5 8.4 9.5 8.6 
154 7.2 12.0 8.5 8.9 7.9 8.2 9.1 8.0 10.0 10.7 7.8 
155 11.3 8.5 8.3 8.8 8.3 8.4 9.6 8.7 9.5 8.2 9.2 
156 7.9 9.8 8.4 9.3 9.4 8.3 9.2 9.0 9.2 10.1 10.1 
157 10.0 10.9 8.0 9.6 8.7 9.5 8.0 10.8 6.6 9.5 7.4 
158 9.3 9.0 8.6 9.4 9.3 7.9 8.2 10.4 8.5 7.9 9.1 
159 8.4 9.0 9.0 8.3 9.1 9.1 10.5 9.0 9.5 8.8 8.7 
160 9.1 10.5 8.5 9.7 10.2 10.4 8.9 10.3 9.0 9.2 8.6 
161 10.2 9.9 9.1 9.8 9.9 7.3 9.8 10.2 8.4 9.1 9.2 
162 8.0 8.4 9.7 9.5 10.0 10.5 9.4 7.1 11.5 9.5 8.7 
163 8.0 7.2 7.5 10.0 10.9 9.0 9.5 9.0 8.8 9.5 9.2 
164 8.7 8.6 9.6 7.1 8.9 7.6 8.2 8.5 9.3 9.9 8.1 
165 9.3 8.5 10.9 10.0 7.3 9.5 9.0 11.0 9.5 8.7 8.0 
166 8.9 10.3 9.4 8.9 8.7 9.5 10.0 9.9 9.2 7.2 8.5 
167 8.4 9.6 8.4 9.5 8.2 9.1 10.1 9.5 9.7 9.9 8.5 
168 7.5 9.6 8.9 8.7 9.4 9.7 9.4 8.9 8.9 10.4 8.8 
169 10.0 9.8 8.9 10.2 9.0 8.5 12.0 8.8 7.6 8.9 8.0 
170 9.6 9.3 9.7 8.0 9.0 9.9 9.0 8.6 10.5 10.0 9.1 
171 7.6 8.0 9.4 9.4 8.9 8.8 7.6 9.8 8.6 8.6 10.1 
172 9.2 8.0 8.3 8.8 8.4 10.1 8.5 9.7 7.2 9.2 9.8 
173 7.3 10.1 8.8 8.2 9.8 9.0 9.3 7.7 8.9 8.4 8.5 
174 9.7 9.1 9.0 10.0 9.5 10.0 6.9 9.5 7.8 8.1 7.2 
175 9.2 8.8 9.4 9.4 8.7 8.8 9.7 9.4 9.6 7.4 8.3 
176 10.5 10.4 9.6 9.2 8.7 9.4 9.6 9.4 11.2 9.3 8.7 
177 8.3 8.0 8.9 10.7 8.5 8.7 8.8 11.0 8.0 7.9 9.1 
178 9.4 8.3 9.6 9.2 10.1 9.9 10.9 9.0 8.3 8.5 9.0 
179 9.4 11.0 8.8 11.2 8.8 8.2 9.1 9.4 11.1 9.7 9.6 
180 9.1 8.8 8.6 8.3 7.2 9.7 9.8 9.9 8.2 8.8 8.1 
181 9.5 7.4 10.2 10.3 7.2 10.3 9.4 8.3 8.7 7.1 9.4 
182 9.2 10.3 8.7 9.0 9.6 8.2 8.3 9.5 9.8 7.8 9.2 
183 9.3 9.2 9.8 7.9 8.9 9.5 9.9 9.0 8.9 9.2 7.4 
184 8.2 9.1 9.1 8.2 9.5 9.6 8.5 10.1 9.1 10.9 7.6 
185 9.2 8.8 9.7 8.9 8.8 9.5 8.7 9.5 9.2 10.2 9.9 
186 9.9 8.6 9.4 10.0 10.3 9.2 9.4 10.3 7.8 9.8 10.0 
187 9.5 7.6 8.1 11.0 7.9 8.4 9.1 9.3 8.4 8.2 8.9 
188 9.1 9.3 10.1 8.2 9.5 8.9 7.8 9.2 8.4 7.1 10.0 
189 8.7 7.8 10.1 8.7 7.0 8.9 8.3 8.9 9.2 8.2 8.9 
190 9.4 9.3 7.7 9.8 9.1 8.9 9.1 7.5 8.4 9.6 9.9 
191 9.0 8.7 10.6 8.7 9.2 8.5 9.7 8.7 9.1 9.7 10.1 
192 9.2 9.2 9.9 10.0 10.6 10.1 8.5 9.8 9.2 10.0 9.9 
193 8.8 8.4 10.2 10.0 8.8 9.9 7.8 8.6 9.3 7.9 8.6 
194 8.6 10.4 9.8 10.2 9.6 10.2 8.5 8.9 9.5 9.4 8.4 
195 7.2 9.8 9.0 9.1 10.2 9.9 8.0 8.9 6.4 7.2 7.6 
196 8.6 8.3 7.3 9.1 8.7 10.4 8.2 7.5 9.7 11.0 8.5 
197 8.3 7.7 7.8 9.2 10.6 10.8 8.6 7.4 8.4 9.3 10.6 
198 9.1 8.6 9.0 9.3 8.3 8.2 9.5 10.9 9.2 8.8 8.1 
199 9.3 7.4 8.4 9.3 8.4 10.0 8.7 9.9 8.3 10.8 10.7 
200 8.0 8.7 8.4 9.8 9.4 9.8 8.9 6.9 10.4 8.6 9.1 
201 9.1 9.4 10.1 8.8 8.5 10.0 9.6 9.5 10.0 10.3 8.8 
202 7.5 8.5 10.2 8.1 7.7 9.0 9.5 9.9 9.4 9.3 11.1 
203 8.5 8.8 10.3 8.1 9.9 10.2 10.8 8.3 10.9 8.4 9.3 
204 8.4 9.9 8.8 9.1 9.7 9.3 9.0 9.9 8.0 10.2 10.2 
205 10.1 9.2 10.7 11.8 9.2 9.5 10.1 9.2 10.3 8.4 9.4 
206 9.5 8.7 10.1 9.3 7.3 9.1 9.4 10.0 8.4 9.2 9.6 
207 8.3 9.0 8.1 7.7 8.8 10.1 9.1 8.3 8.3 11.5 8.7 
208 9.1 7.8 9.1 9.9 8.0 10.6 8.3 8.5 9.4 10.3 9.1 
209 10.3 7.6 8.7 9.2 10.3 10.1 10.3 9.6 10.1 10.1 8.4 
210 10.0 7.7 8.4 7.3 11.1 8.7 8.3 8.7 8.1 8.8 8.0 
211 7.6 8.1 9.2 10.1 8.3 7.6 7.9 8.3 7.9 8.5 8.1 
212 10.5 9.2 8.6 9.1 10.9 10.1 11.8 8.8 8.8 12.0 9.8 
213 10.0 9.1 9.5 8.3 7.3 8.3 8.0 9.7 7.9 8.2 9.5 
214 10.0 9.3 9.8 7.6 7.7 9.1 8.2 7.6 10.3 9.3 9.5 
215 9.3 8.9 8.8 10.5 11.1 9.3 7.9 8.2 11.8 10.6 8.3 
216 8.7 9.3 8.8 9.0 9.0 8.5 9.0 9.9 9.9 9.7 9.1 
217 8.0 9.3 10.4 11.9 8.2 9.3 8.7 9.4 9.3 8.3 8.0 
218 8.2 9.1 8.4 7.8 8.7 10.6 8.0 8.9 8.9 9.2 9.3 
219 10.9 8.2 9.6 9.0 8.4 9.7 10.1 7.7 8.9 6.4 10.6 
220 6.8 8.3 8.9 8.5 8.5 9.0 8.9 9.6 8.4 10.1 8.9 
221 10.1 8.0 9.7 8.3 7.8 7.2 10.5 8.5 10.9 8.8 8.4 
222 9.9 9.0 9.5 9.7 9.9 9.3 8.7 7.6 10.1 9.2 9.5 
223 10.1 10.0 9.3 8.0 10.0 7.9 10.1 10.0 8.4 7.5 8.6 
224 8.7 9.8 8.5 8.6 8.4 8.6 10.3 9.9 8.9 7.8 10.4 
225 9.4 9.7 9.8 8.5 9.6 8.8 7.9 8.6 8.7 8.4 7.5 
226 8.2 10.0 10.4 10.3 8.4 8.3 8.0 11.4 8.2 8.6 8.2 
227 9.5 8.8 8.8 10.1 9.6 9.2 8.9 9.6 8.0 10.5 9.5 
228 10.8 9.0 7.6 7.9 8.1 7.6 10.1 9.7 8.6 8.8 8.6 
229 8.8 10.3 9.8 10.2 8.3 8.7 10.2 8.8 9.5 9.3 9.5 
230 7.9 8.3 9.4 8.4 11.2 9.3 8.7 8.4 8.7 7.7 10.0 
231 9.3 11.9 9.0 10.7 8.7 8.2 9.0 7.6 8.0 10.7 8.1 
232 9.2 8.9 7.9 8.3 6.6 7.5 10.7 7.2 8.9 10.0 9.7 
233 9.3 9.3 7.9 9.4 9.6 10.3 9.6 8.3 8.2 7.7 8.0 
234 9.0 9.7 9.2 10.5 7.5 8.2 10.2 8.4 9.6 9.0 8.0 
235 9.7 8.9 8.6 10.2 9.0 9.7 8.7 10.2 10.1 8.8 9.0 
236 9.8 8.9 10.5 8.5 9.8 9.1 9.2 9.0 8.3 9.3 9.7 
237 9.4 9.6 8.3 10.0 9.3 10.4 10.4 8.9 8.6 8.7 8.6 
238 10.5 8.7 9.1 9.8 9.7 8.5 9.7 8.6 9.3 9.2 9.9 
239 10.1 9.5 10.5 9.6 10.1 9.4 8.8 10.5 8.0 9.3 8.4 
240 10.5 7.5 8.9 8.4 9.8 9.5 8.8 9.4 10.7 7.8 9.4 
241 7.8 8.8 8.5 9.1 10.0 9.4 8.3 10.5 10.6 8.7 9.1 
242 8.7 8.0 7.4 10.5 9.2 7.5 8.6 9.8 9.1 8.9 8.4 
243 7.4 8.3 7.9 9.4 10.3 7.3 8.2 9.5 10.2 9.5 8.2 
244 12.5 8.8 9.9 8.0 9.5 9.5 8.7 8.4 7.8 8.7 9.6 
245 8.3 10.5 9.1 9.3 8.6 8.7 9.2 8.9 9.2 9.2 8.9 
246 9.1 8.7 9.2 8.8 7.8 9.4 10.1 8.8 9.5 10.9 8.6 
247 9.8 9.9 10.4 9.4 9.0 8.9 7.8 10.8 9.6 10.4 9.7 
248 8.0 7.6 10.3 8.2 10.4 8.7 8.2 10.2 7.2 7.9 8.5 
249 9.3 7.5 7.1 7.9 10.3 6.5 9.8 10.2 10.0 9.0 9.4 
250 7.6 9.4 8.4 10.0 10.9 10.5 6.8 9.9 10.6 10.8 8.7 
251 8.6 7.4 9.1 8.8 8.7 9.9 8.5 10.2 9.1 8.4 9.5 
252 10.0 9.1 8.6 9.7 9.4 8.1 9.2 10.0 9.7 7.5 9.4 
253 8.4 9.3 8.2 8.8 9.2 8.8 8.1 8.9 8.4 9.1 8.5 
254 10.0 8.2 8.4 9.5 6.7 7.9 8.4 7.6 9.9 10.6 9.2 
255 8.2 10.0 9.3 11.1 7.5 8.8 9.6 10.1 9.3 8.3 8.2 
256 9.0 7.8 10.5 8.8 10.2 9.6 9.5 8.3 8.8 9.7 8.6 
257 9.8 10.9 9.1 9.2 8.8 10.3 9.2 11.9 9.0 9.4 9.0 
258 8.9 11.6 7.1 9.3 8.7 9.0 9.3 8.9 9.9 9.0 7.4 
259 7.9 10.0 10.0 7.3 8.0 10.0 7.8 10.1 9.0 9.3 8.3 
260 9.1 7.3 8.2 10.2 6.6 8.9 9.7 9.6 9.2 8.6 10.6 
261 7.6 8.7 7.7 10.0 11.2 8.4 9.6 8.3 10.3 8.3 11.3 
262 10.1 11.1 7.7 7.5 9.3 9.2 8.9 9.1 7.9 9.1 9.1 
263 9.2 8.4 9.3 8.1 8.6 9.1 7.8 8.8 9.1 7.7 9.6 
264 8.2 9.5 7.7 11.5 7.9 9.0 8.9 8.3 10.1 8.0 9.2 
265 9.6 9.3 10.1 9.1 7.3 10.2 9.2 8.4 9.1 9.1 10.3 
266 10.3 10.0 9.9 10.4 9.9 9.8 6.4 8.3 10.2 11.8 9.3 
267 8.4 7.5 9.1 8.9 9.4 8.3 8.5 9.0 8.9 9.0 9.9 
268 8.8 9.0 9.1 9.1 8.5 8.0 7.6 10.0 9.3 9.6 9.6 
269 9.8 10.2 9.0 7.7 8.7 10.3 8.9 8.1 11.0 8.7 11.5 
270 8.7 9.0 11.1 9.3 8.8 8.9 8.6 8.3 10.8 9.9 9.0 
271 9.0 11.4 8.3 10.9 8.1 9.4 9.6 10.4 7.8 8.4 8.7 
272 10.7 8.5 10.3 8.2 8.1 6.9 8.0 8.3 10.0 9.3 8.0 
273 10.5 8.1 8.0 9.7 9.7 8.6 8.6 7.9 8.2 8.7 8.3 
274 10.1 8.1 10.2 9.7 9.3 9.8 9.5 7.5 9.0 7.4 7.7 
275 9.1 9.8 7.5 8.5 10.4 8.2 7.6 9.3 8.7 9.3 7.0 
276 11.8 10.7 7.4 10.0 8.9 9.0 8.1 9.5 8.8 9.0 9.7 
277 10.5 10.7 11.1 9.1 10.4 6.8 9.8 7.6 9.3 9.8 8.2 
278 9.3 9.3 8.0 9.1 9.9 7.9 8.2 7.4 8.5 9.1 9.4 
279 8.6 7.5 8.8 9.9 7.6 10.9 7.9 9.5 8.7 8.2 9.6 
280 9.4 8.1 8.8 9.4 8.9 10.0 7.5 8.9 8.7 10.7 10.3 
281 10.5 9.2 9.3 8.9 8.3 9.4 9.3 8.8 10.0 8.1 6.6 
282 8.5 8.8 9.3 9.4 9.7 9.8 11.0 8.3 9.2 9.6 9.0 
283 10.4 10.9 7.8 10.0 9.5 8.1 10.5 8.6 11.1 9.7 9.7 
284 9.4 9.3 10.3 9.1 8.9 9.0 8.9 9.2 8.4 10.1 8.9 
285 7.5 8.0 8.1 8.2 7.5 9.5 8.5 8.8 9.1 9.9 9.0 
286 10.7 8.9 8.6 8.6 10.2 8.6 9.3 8.1 9.3 10.6 9.7 
287 9.7 9.5 8.5 8.2 7.9 8.5 9.3 8.9 8.2 9.2 9.3 
288 10.3 10.3 10.2 6.7 9.7 10.3 10.4 10.1 11.3 8.1 8.0 
289 9.5 9.3 9.5 9.9 8.3 8.2 7.6 9.3 8.4 9.3 7.9 
290 9.1 9.8 10.3 9.4 8.5 7.9 8.8 8.3 8.3 8.7 10.1 
291 9.4 9.3 8.1 9.0 8.9 9.6 8.8 7.4 8.3 10.0 9.1 
292 8.2 7.0 9.2 10.5 9.3 7.6 9.5 8.8 8.1 10.1 11.0 
293 10.7 9.1 8.9 9.4 9.6 11.1 8.7 11.0 10.0 7.8 9.8 
294 9.3 9.0 9.2 7.6 9.3 9.3 9.0 11.1 9.6 9.4 9.2 
295 10.6 7.3 8.5 10.0 8.5 9.6 9.2 9.9 8.0 9.4 10.4 
296 11.6 8.2 8.5 9.4 9.1 7.6 9.1 9.5 9.1 8.4 9.4 
297 8.9 9.3 9.0 10.3 10.1 10.3 9.4 9.6 9.5 8.1 9.5 
298 7.3 10.6 9.8 7.0 8.2 7.7 9.0 8.8 8.3 9.3 10.2 
299 9.2 8.2 9.7 8.2 9.5 8.1 11.6 9.0 9.9 7.7 10.8 
300 8.2 8.6 9.8 9.4 8.9 8.8 7.1 9.3 9.0 7.8 8.8 
301 9.2 10.5 10.4 8.9 10.8 8.9 7.9 6.7 7.5 10.4 7.8 
302 8.8 7.2 8.6 8.2 9.7 8.9 9.4 9.1 8.7 9.7 9.9 
303 7.4 9.0 7.5 9.5 7.7 10.4 9.5 8.5 9.4 9.7 7.1 
304 9.2 9.8 9.2 8.4 9.2 7.8 8.4 9.9 8.6 8.3 10.1 
305 8.1 8.8 9.8 7.9 8.2 7.7 8.1 10.7 8.4 10.2 9.4 
306 8.7 7.7 9.4 7.9 8.9 9.2 11.0 8.7 8.1 9.4 8.1 
307 10.5 9.3 7.9 8.4 9.0 9.9 9.1 8.0 8.9 9.1 8.5 
308 8.7 10.1 9.2 10.2 10.6 9.0 7.7 8.6 9.6 10.2 8.9 
309 9.1 10.3 7.8 8.9 8.5 8.9 9.3 10.9 8.9 9.9 8.2 
310 8.5 8.4 8.4 9.0 9.1 8.9 8.4 9.3 9.3 8.3 10.4 
311 9.2 9.7 8.8 8.2 11.4 8.5 6.7 10.1 9.1 9.0 8.8 
312 10.1 9.3 10.3 10.1 9.0 10.4 9.4 10.2 7.6 9.3 9.1 
313 9.1 8.4 9.3 9.5 9.3 9.2 9.5 8.9 7.2 9.9 9.1 
314 9.0 8.5 8.8 8.7 9.4 10.0 8.7 8.8 10.3 8.1 9.4 
315 8.6 7.2 11.4 8.9 9.6 9.6 9.7 9.1 10.3 9.9 9.0 
316 8.7 8.9 10.0 9.0 8.7 8.6 9.7 10.3 8.6 8.4 10.7 
317 9.8 8.7 8.6 9.9 9.9 8.7 11.7 7.7 8.9 8.6 9.7 
318 9.7 9.3 8.8 9.4 9.1 10.8 8.7 11.3 7.9 9.5 8.6 
319 9.5 8.4 7.8 7.9 10.0 8.6 8.9 10.1 10.1 9.1 8.2 
320 8.8 7.8 9.3 9.6 8.0 9.5 7.6 8.1 8.2 8.9 9.1 
321 11.1 8.1 8.7 9.1 9.0 8.4 10.0 7.7 9.9 9.8 7.9 
322 8.5 6.6 10.0 8.7 9.3 8.2 10.1 7.6 10.2 10.4 9.2 
323 9.6 9.1 9.3 8.8 9.1 9.5 9.5 9.3 8.1 9.7 12.0 
324 10.5 9.0 9.2 10.1 8.8 8.1 9.0 10.3 9.8 8.9 9.0 
325 9.2 9.2 9.0 7.6 8.3 9.0 9.9 9.9 8.7 8.4 8.9 
326 7.8 8.9 10.2 7.3 9.3 9.5 8.5 9.9 8.3 10.1 8.8 
327 10.4 8.1 8.8 8.2 9.3 9.5 11.1 10.4 10.3 9.2 10.4 
328 7.6 9.3 10.2 7.9 9.4 7.7 7.1 9.9 9.4 9.5 7.7 
329 8.6 9.9 9.9 8.6 10.1 7.9 8.6 8.3 8.0 9.3 7.6 
330 9.9 9.1 9.8 9.7 9.4 9.7 9.0 8.7 8.6 9.5 7.1 
331 7.5 9.3 9.4 8.4 8.8 9.8 8.7 10.0 8.2 9.6 8.9 
332 8.1 9.1 10.4 10.0 8.9 8.4 10.2 8.1 9.6 11.0 8.9 
333 8.4 9.5 9.3 8.5 8.4 10.5 8.6 9.6 8.3 9.2 7.3 
334 9.0 11.4 8.9 9.5 8.9 10.1 9.7 8.7 9.9 9.6 9.1 
335 8.3 9.8 8.9 8.1 8.2 7.2 9.0 9.1 8.5 9.1 8.7 
336 7.3 8.5 10.3 9.0 7.9 8.8 9.5 10.4 9.3 8.8 9.3 
337 10.1 8.8 10.3 11.1 8.4 9.4 8.8 9.9 10.6 11.8 10.5 
338 8.2 9.9 8.9 9.8 8.3 9.5 10.1 8.3 9.5 9.1 8.9 
339 10.3 8.7 8.2 7.4 8.4 9.4 9.6 10.2 8.7 8.1 9.7 
340 10.8 8.8 9.8 9.0 9.2 8.7 9.9 9.8 8.1 9.6 8.5 
341 9.6 9.7 9.0 7.6 9.3 8.8 9.0 12.3 9.0 9.0 9.3 
342 9.2 6.9 8.6 10.5 10.2 9.9 8.1 8.2 8.3 9.0 7.7 
343 8.4 10.2 9.0 9.0 8.4 9.8 9.1 8.3 5.4 10.4 9.6 
344 9.7 10.7 8.9 7.4 9.9 8.8 8.4 7.6 10.2 10.1 8.4 
345 8.0 9.1 6.7 9.7 8.1 7.4 8.6 10.1 8.1 8.2 8.5 
346 10.1 9.8 9.5 9.1 8.2 7.9 8.4 9.0 8.8 11.2 9.2 
347 10.5 8.0 9.0 9.3 9.0 8.1 8.7 9.8 8.0 7.6 9.0 
348 10.4 9.1 9.4 9.0 8.6 8.2 9.9 11.2 10.0 9.0 8.6 
349 9.3 7.9 9.3 8.6 9.5 10.2 8.7 10.1 9.7 7.8 8.2 
350 10.0 9.1 10.0 9.8 10.3 8.2 9.0 7.4 9.8 10.5 8.1 
351 10.5 8.6 10.2 9.7 9.4 9.6 7.5 9.1 7.7 9.6 9.3 
352 7.5 8.9 10.6 10.0 10.6 9.0 8.7 10.3 8.6 9.3 8.6 
353 9.0 10.4 7.9 9.4 10.0 8.9 9.9 9.7 9.3 8.1 8.7 
354 9.2 7.0 8.6 9.3 9.3 8.3 8.1 8.8 7.9 8.8 10.7 
355 10.3 8.3 9.1 10.1 7.3 10.2 8.8 7.0 8.9 10.0 9.0 
356 9.9 8.7 9.5 8.6 10.9 9.8 10.3 8.6 8.6 8.9 8.3 
357 9.4 8.4 10.6 10.0 9.1 9.4 9.5 8.5 8.5 8.4 9.8 
358 8.9 9.5 8.4 9.6 9.5 10.0 9.4 8.9 8.2 9.8 9.6 
359 8.4 7.3 8.8 8.4 9.7 9.4 10.2 8.3 8.6 8.0 8.6 
360 6.8 9.2 9.9 10.0 10.1 9.1 8.1 9.5 7.8 9.0 8.5 
361 9.0 8.7 8.0 10.0 9.7 10.1 8.6 8.3 8.5 9.1 9.3 
362 11.0 9.1 8.3 9.5 9.4 8.5 8.4 8.8 8.6 8.8 10.4 
363 7.7 8.9 10.6 7.6 7.9 8.5 8.2 9.9 9.8 10.4 9.0 
364 9.6 9.5 9.1 8.9 9.6 7.9 9.9 10.4 8.6 9.0 8.3 
365 8.5 9.0 9.5 10.4 7.6 9.7 10.2 9.8 8.8 9.3 9.6 
366 9.1 9.9 10.1 10.0 9.4 8.0 9.2 9.5 8.6 7.5 10.6 
367 9.9 7.5 10.4 10.0 10.0 9.5 10.8 9.7 9.2 8.2 7.9 
368 8.1 8.8 9.6 9.4 7.3 9.2 9.0 8.7 8.2 9.6 8.2 
369 10.0 8.8 8.5 9.4 8.1 9.0 7.8 10.0 9.7 9.8 9.6 
370 9.0 8.7 8.5 9.0 10.4 8.0 10.0 7.9 10.7 9.4 10.9 
371 8.8 8.8 9.8 10.4 9.2 8.5 8.2 9.6 9.8 11.0 9.1 
372 8.3 9.0 9.9 8.9 8.9 9.5 10.0 8.8 9.9 8.1 10.3 
373 9.4 7.1 9.0 9.4 12.5 8.9 8.4 8.0 9.2 8.6 8.6 
374 11.1 8.0 9.4 9.8 8.4 9.8 9.9 10.0 8.3 8.4 7.6 
375 10.2 7.6 9.1 8.9 8.7 8.3 8.6 8.3 8.2 8.6 9.1 
376 8.6 9.1 8.7 8.4 8.3 7.4 8.6 9.0 9.2 9.3 7.6 
377 9.1 10.2 9.3 10.3 10.7 8.9 9.5 10.5 7.4 7.4 7.9 
378 9.8 8.6 9.6 7.8 8.9 9.4 10.0 8.9 9.2 7.7 9.2 
379 9.2 9.5 8.6 9.1 9.7 8.8 7.2 10.1 9.1 8.0 8.0 
380 8.2 8.9 10.4 9.8 9.0 9.6 9.7 9.5 9.0 8.6 8.7 
381 9.5 9.9 9.2 8.1 9.0 9.7 9.5 8.6 10.3 7.8 10.5 
382 10.0 9.1 9.2 8.0 9.9 8.3 8.6 8.6 9.4 8.6 10.0 
383 10.1 9.4 11.1 9.8 8.1 6.9 7.2 8.0 10.5 9.3 7.8 
384 8.7 8.2 9.6 9.1 9.7 9.4 8.9 8.1 8.9 9.9 9.5 
385 9.8 8.3 10.7 9.1 10.0 9.0 9.4 8.9 8.9 8.5 9.5 
386 12.5 9.6 7.6 10.5 8.5 11.0 7.2 8.2 10.0 9.8 8.0 
387 11.3 9.9 9.4 8.5 10.7 9.6 8.7 8.8 8.7 10.0 8.5 
388 9.5 8.5 8.5 8.5 10.9 7.9 11.6 9.8 8.8 9.2 7.5 
389 8.8 10.0 8.0 9.8 10.3 10.2 8.9 9.5 9.7 9.9 8.5 
390 7.5 9.9 9.5 8.6 9.5 9.1 7.8 7.4 11.5 8.1 9.2 
391 9.0 9.9 8.8 8.1 7.8 9.9 8.9 10.5 7.9 7.8 10.5 
392 9.8 8.9 8.0 6.8 10.2 9.8 8.6 9.5 8.5 9.1 9.2 
393 8.7 7.6 8.3 9.4 10.0 7.6 9.7 10.1 9.5 8.6 8.6 
394 7.8 7.9 9.1 8.8 9.9 8.6 7.4 9.4 9.5 9.1 8.9 
395 7.8 8.8 7.8 9.2 8.4 8.6 9.6 10.1 8.2 10.3 9.6 
396 8.3 8.0 8.1 8.0 8.6 9.0 10.2 9.9 8.2 10.0 10.9 
397 9.6 10.2 9.1 10.2 8.4 9.0 8.1 7.9 10.1 9.1 7.8 
398 8.2 8.5 10.7 10.1 8.4 10.4 9.6 9.4 9.2 10.0 9.8 
399 8.7 7.8 9.4 8.9 10.0 9.1 7.9 8.3 9.8 7.8 11.1 
400 10.0 9.6 8.9 9.4 9.5 9.9 10.4 9.8 10.3 10.5 9.3 
401 9.0 8.8 8.0 9.9 9.5 8.9 8.7 7.8 9.0 10.4 8.0 
402 9.0 9.6 10.2 8.5 8.8 11.0 8.6 9.1 8.8 8.2 9.1 
403 10.4 10.5 9.7 8.6 9.5 8.3 8.5 9.3 10.2 9.0 9.5 
404 9.2 7.2 9.7 9.2 9.2 9.4 7.7 8.9 8.2 9.9 10.0 
405 9.7 9.2 8.1 7.3 9.9 7.7 9.9 9.2 9.6 8.7 10.7 
406 8.2 7.6 8.5 10.0 8.0 9.3 9.5 10.5 9.7 7.8 8.8 
407 9.0 7.4 8.9 9.6 8.6 8.6 7.5 9.7 9.3 9.8 9.7 
408 8.3 10.5 8.7 11.0 9.6 9.5 9.6 8.8 9.8 8.2 9.3 
409 9.1 7.5 9.4 8.3 8.7 8.2 9.1 10.4 8.8 10.4 9.9 
410 9.4 9.9 7.8 8.2 9.5 8.1 8.8 7.6 9.3 10.5 8.4 
411 8.7 9.9 8.7 9.1 8.4 9.7 8.9 8.6 9.2 9.2 9.3 
412 9.3 9.6 9.3 11.5 8.8 8.5 9.0 8.7 9.8 8.2 9.4 
413 8.5 8.2 9.4 8.9 9.1 9.5 8.8 8.7 9.7 9.4 9.9 
414 9.4 9.2 8.9 9.7 7.4 10.0 8.0 8.7 8.0 10.1 8.9 
415 9.2 7.6 10.2 8.6 8.5 8.6 10.2 10.0 7.1 10.1 11.6 
416 8.7 9.6 8.6 10.1 8.2 10.8 9.2 9.3 8.6 11.3 8.1 
417 8.2 8.5 9.9 8.5 8.3 9.0 9.9 7.8 7.8 9.0 8.5 
418 6.7 8.8 9.0 8.1 8.0 9.6 7.9 9.5 8.7 9.5 8.7 
419 9.0 8.8 8.6 8.2 9.7 9.6 8.7 9.3 9.2 8.8 10.1 
420 9.2 9.7 10.2 10.7 7.6 10.4 8.7 8.7 9.3 9.0 9.4 
421 9.3 9.3 9.8 9.8 8.1 9.4 10.2 9.2 9.3 8.7 9.5 
422 6.7 8.0 9.3 9.5 10.7 8.6 9.1 10.1 8.9 9.2 9.9 
423 8.7 9.8 8.3 8.7 8.0 10.4 9.4 10.1 10.0 7.6 9.7 
424 9.1 7.1 8.8 10.1 9.4 7.9 8.4 9.9 9.0 9.2 8.8 
425 9.0 10.2 9.8 10.5 9.4 10.1 8.6 8.8 10.1 8.2 9.9 
426 9.3 8.2 9.3 8.2 11.4 10.1 9.3 9.0 8.8 9.9 9.7 
427 8.7 9.2 10.0 8.0 8.5 9.0 9.9 6.7 8.1 8.9 9.0 
428 9.1 10.1 10.0 8.4 6.6 8.3 7.7 8.5 7.8 9.5 8.3 
429 10.1 8.6 8.8 8.5 10.0 8.7 10.4 8.7 9.8 9.0 8.1 
430 8.6 9.5 8.3 10.5 11.6 11.2 8.5 10.6 9.9 9.7 9.4 
431 8.3 9.3 7.9 8.4 9.3 9.4 8.4 10.6 10.5 7.3 10.4 
432 8.9 10.2 10.0 8.8 7.7 8.5 9.9 9.0 9.6 8.9 8.4 
433 7.8 10.5 8.4 9.1 9.2 9.0 10.7 10.1 8.7 9.2 8.2 
434 8.8 10.5 8.4 7.9 8.1 9.8 8.2 9.2 10.6 8.9 10.2 
435 9.1 9.5 9.4 8.2 9.7 8.9 8.8 6.3 9.7 6.6 9.9 
436 9.4 8.0 10.2 8.9 9.0 8.2 6.7 12.3 10.2 8.7 6.6 
437 9.5 9.1 9.1 9.7 8.5 9.9 8.1 9.8 8.4 8.8 9.3 
438 7.6 9.5 8.7 9.4 9.1 7.9 9.5 7.9 8.9 11.5 8.6 
439 9.7 8.3 8.8 8.1 10.2 9.1 9.5 7.5 8.8 9.0 8.8 
440 9.3 9.7 8.7 8.3 10.9 9.3 9.9 9.3 9.2 8.8 9.1 
441 8.4 8.8 7.1 9.3 7.8 9.1 9.2 9.5 9.4 9.6 10.6 
442 9.9 10.3 8.5 9.5 7.6 9.7 8.4 8.7 10.6 8.6 8.9 
443 7.9 10.5 8.9 9.9 9.4 10.2 9.0 8.9 7.6 10.5 10.0 
444 8.4 8.5 8.9 8.4 8.0 11.1 9.5 10.5 10.3 9.1 8.6 
445 9.4 9.6 9.3 7.5 9.0 8.5 9.5 8.6 9.0 8.7 9.9 
446 8.9 8.4 9.0 9.3 9.5 8.6 7.5 7.9 11.4 7.9 10.0 
447 8.6 10.8 9.7 8.0 10.6 8.5 9.1 9.9 9.5 10.3 8.2 
448 8.9 8.0 9.4 8.1 8.1 9.3 9.4 7.7 10.6 8.3 11.2 
449 9.1 7.8 9.6 7.6 8.8 7.9 8.5 9.2 8.5 9.2 8.1 
450 9.4 8.0 8.2 8.9 9.3 10.1 7.9 8.5 8.4 8.5 9.6 
451 8.6 9.6 8.9 10.1 9.7 8.0 8.7 10.0 9.9 9.2 9.7 
452 10.2 10.8 7.9 8.9 9.3 9.0 8.6 9.7 8.7 9.8 8.2 
453 8.0 9.5 8.9 8.9 9.5 9.2 9.0 8.4 10.0 8.1 7.8 
454 10.7 9.4 9.0 9.9 7.6 8.3 8.0 9.4 9.8 8.5 8.7 
455 9.1 9.4 7.7 10.9 8.1 8.3 9.5 9.2 8.8 8.4 8.0 
456 10.9 9.5 8.3 10.7 8.3 11.7 9.1 9.0 8.2 9.6 8.0 
457 10.1 8.3 9.6 9.6 8.3 10.1 11.1 8.8 9.2 9.7 9.4 
458 10.4 8.8 8.9 7.8 8.8 8.5 8.9 7.9 8.3 10.2 9.8 
459 10.7 9.7 7.5 9.1 8.5 7.7 9.5 10.6 10.4 8.6 9.8 
460 7.5 7.9 8.5 8.7 9.4 8.8 9.0 9.2 9.9 9.1 8.5 
461 11.4 9.1 11.2 12.2 8.6 9.4 9.3 10.0 10.7 9.0 8.8 
462 7.9 7.6 7.4 8.5 8.2 8.0 8.5 9.7 9.9 9.7 7.6 
463 8.4 9.9 9.4 8.8 10.2 9.3 8.2 10.3 7.7 9.6 9.9 
464 7.9 10.3 9.1 8.3 9.6 7.9 7.8 10.9 8.6 8.3 9.9 
465 9.2 8.6 9.7 8.5 9.2 8.6 7.4 11.1 9.8 9.0 8.6 
466 8.6 9.7 9.5 7.2 9.7 11.0 9.0 8.7 8.4 10.5 7.8 
467 9.1 8.0 10.5 10.1 9.2 9.3 10.7 9.5 9.2 8.0 8.6 
468 8.7 7.9 9.1 9.9 8.4 10.0 6.7 8.5 9.2 9.6 9.3 
469 9.5 9.7 8.8 8.3 8.8 10.0 10.3 8.7 7.1 9.0 8.4 
470 10.2 7.6 9.0 9.4 7.7 8.6 8.8 8.9 8.5 9.6 9.4 
471 9.9 8.7 8.0 10.0 10.5 10.0 10.3 7.7 9.8 9.8 9.3 
472 9.9 9.9 9.7 8.9 9.3 8.0 9.3 8.7 10.3 10.2 7.8 
473 9.6 9.4 7.6 8.7 8.9 9.3 11.0 8.3 8.2 8.7 8.0 
474 8.6 10.7 9.7 9.5 8.8 10.3 9.8 9.4 8.0 8.6 10.1 
475 9.0 8.3 8.9 9.1 7.5 8.0 8.7 10.4 7.5 8.3 8.9 
476 9.4 9.9 9.9 8.5 8.4 9.8 8.9 8.8 8.0 9.8 9.3 
477 8.7 7.6 8.4 10.2 8.7 10.0 7.9 8.8 9.8 10.0 8.4 
478 9.2 7.9 9.1 11.4 10.4 9.4 7.7 9.2 10.9 9.3 8.6 
479 9.8 9.8 8.7 8.4 9.3 8.4 10.3 6.9 9.5 10.1 9.1 
480 7.4 8.5 11.4 7.9 8.5 8.4 8.2 9.6 9.6 8.5 9.9 
481 9.0 9.8 8.1 7.9 9.3 10.2 7.8 10.0 9.3 8.1 9.8 
482 8.6 8.5 9.4 9.0 9.5 9.6 8.9 9.0 8.7 8.2 9.9 
483 8.2 9.6 8.7 8.5 8.7 9.6 8.6 10.0 9.1 9.9 8.9 
484 9.8 8.5 7.0 10.2 8.6 9.1 10.0 8.2 9.1 9.5 9.8 
485 8.4 7.5 6.9 9.9 10.3 10.8 9.4 9.0 8.3 8.5 8.9 
486 9.2 8.8 8.9 9.2 9.0 9.7 8.3 9.8 8.9 10.8 8.6 
487 9.8 9.6 9.1 9.8 7.9 8.9 9.3 9.0 10.3 9.1 9.2 
488 8.2 9.2 10.0 11.5 9.0 7.5 8.3 9.0 10.3 8.7 10.1 
489 9.9 9.7 10.9 8.6 9.7 8.6 9.7 5.9 7.7 9.9 8.3 
490 9.4 9.6 9.4 9.3 10.8 9.3 9.2 9.8 8.7 7.3 9.0 
491 11.7 10.0 8.7 8.5 8.8 10.3 9.9 9.4 9.7 10.1 9.3 
492 8.5 9.5 10.5 9.7 10.5 9.8 9.0 8.8 9.4 10.5 9.8 
493 9.4 9.5 8.9 9.9 9.7 9.6 9.3 9.8 7.9 8.4 11.0 
494 10.6 11.0 8.8 10.8 9.0 10.4 8.3 10.1 11.0 8.8 10.0 
495 10.2 8.8 7.6 8.9 8.8 9.2 9.8 9.2 9.1 10.7 9.8 
496 8.2 8.6 10.0 9.7 8.1 9.2 9.1 9.2 10.2 9.4 8.1 
497 9.4 10.2 10.6 9.9 10.8 10.2 10.7 9.1 9.8 9.4 9.5 
498 9.1 9.2 9.4 9.6 11.0 9.4 9.9 9.7 10.1 11.3 11.7 
499 5.1 4.6 5.2 5.0 4.8 4.5 4.4 4.2 5.2 4.3 5.1 
