0 3.7 5.4 4.6 5.6 5.4 4.4 5.9 5.9 7.2 4.8 4.7 
1 9.0 10.3 9.1 8.8 10.6 9.0 9.4 11.7 9.7 8.8 10.3 
2 8.2 8.1 8.6 9.8 8.5 8.6 10.7 10.7 8.9 10.7 9.4 
3 10.7 11.3 9.9 10.7 9.9 9.9 9.2 9.1 9.4 9.7 9.7 
4 10.1 9.1 9.0 10.0 10.7 9.8 8.3 8.2 11.1 10.4 9.8 
5 7.1 7.7 10.0 8.5 10.2 9.7 11.8 9.9 8.0 10.0 7.4 
6 8.9 9.8 9.6 9.3 8.2 11.2 7.9 8.9 10.4 11.0 10.0 
7 8.8 8.5 8.8 8.6 8.7 8.4 9.4 10.0 9.4 10.7 9.2 
8 8.8 9.6 10.4 9.3 8.2 9.5 9.5 9.3 8.8 9.8 8.8 
9 9.0 9.4 10.0 8.8 9.5 9.2 7.8 10.6 9.0 10.0 9.9 
10 9.9 8.6 10.2 7.5 8.8 9.7 9.2 9.3 11.4 10.1 9.3 
11 8.8 9.4 9.5 8.1 8.9 8.6 9.9 8.4 10.0 8.9 10.6 
12 9.6 10.8 10.1 10.2 8.6 9.0 10.0 7.8 9.6 7.6 9.8 
13 7.9 8.7 9.5 8.9 9.6 7.7 8.7 9.2 10.0 8.8 8.6 
14 10.6 9.5 10.2 9.0 8.9 7.6 7.8 10.6 9.7 9.2 8.8 
15 7.7 10.1 8.9 6.8 9.2 9.0 7.9 8.3 9.1 10.2 8.5 
16 9.0 8.4 8.3 8.8 7.3 8.3 8.9 9.0 9.7 9.1 8.6 
17 11.1 7.9 8.6 9.4 9.1 11.5 11.5 9.2 9.1 8.7 10.4 
18 11.1 9.7 8.7 9.1 10.2 9.3 8.6 7.5 7.3 9.9 8.1 
19 8.3 9.0 8.9 8.8 9.9 9.8 8.6 9.1 9.3 8.3 9.1 
20 10.7 9.6 9.1 9.2 10.1 9.7 10.0 9.9 7.9 8.2 8.7 
21 8.8 9.4 10.5 10.5 9.9 10.3 8.7 9.2 10.3 8.9 9.1 
22 9.8 9.0 10.0 8.7 10.3 8.6 9.5 9.6 8.1 6.7 9.0 
23 9.2 8.5 8.7 9.1 7.8 7.9 9.5 8.2 9.7 8.0 9.6 
24 8.8 8.3 7.8 10.3 9.7 7.5 8.1 10.3 8.3 7.6 8.9 
25 8.0 10.6 8.0 9.8 8.6 7.7 8.9 6.9 8.7 7.7 9.7 
26 8.9 9.5 8.4 10.9 9.9 9.4 8.3 9.6 10.0 9.0 9.6 
27 8.6 7.7 10.2 9.1 7.9 8.7 9.6 9.4 9.8 8.6 9.9 
28 9.3 9.7 9.5 9.0 9.2 9.8 9.4 9.3 9.5 9.5 9.3 
29 8.6 8.8 11.7 7.9 10.5 9.3 7.7 9.0 7.9 10.1 9.9 
30 8.7 8.9 9.5 7.4 8.5 11.4 8.0 8.7 9.5 9.1 8.7 
31 8.5 11.8 9.9 8.3 8.4 8.8 8.2 9.8 8.5 9.1 9.1 
32 9.2 8.3 9.5 8.6 9.0 7.9 9.2 11.4 9.6 8.2 9.1 
33 11.5 8.5 9.2 8.5 9.1 8.6 10.2 8.7 8.5 8.1 9.5 
34 9.7 9.7 8.4 10.1 9.1 9.1 10.3 11.4 9.1 10.8 7.5 
35 9.5 9.8 9.3 8.8 11.6 8.0 8.0 9.2 8.2 10.0 8.5 
36 9.2 9.4 9.0 8.7 8.6 8.9 10.6 9.3 9.6 9.2 8.4 
37 10.1 6.2 11.1 10.3 10.1 7.8 7.3 8.9 8.6 8.2 6.7 
38 8.5 8.9 10.1 9.4 8.3 10.5 8.1 9.1 9.0 9.4 8.5 
39 10.1 8.2 8.3 9.5 8.9 7.4 9.3 8.5 10.4 9.7 8.9 
40 7.1 8.8 10.2 10.4 8.9 9.1 8.4 9.9 9.5 7.6 8.6 
41 9.2 8.4 11.2 8.5 9.1 8.9 8.7 7.4 8.0 9.0 10.5 
42 8.5 10.7 8.6 9.5 8.5 9.8 11.3 8.0 8.2 10.4 9.5 
43 8.2 8.1 8.2 8.5 8.0 9.2 9.8 7.4 9.7 9.0 9.1 
44 9.1 9.3 9.0 9.3 9.1 8.1 9.4 9.1 10.1 9.3 10.0 
45 9.7 8.4 9.9 9.1 11.0 10.2 9.4 9.2 8.4 8.9 11.2 
46 7.7 8.4 10.6 9.0 9.2 9.3 10.6 8.8 9.4 9.1 9.8 
47 8.3 9.6 7.1 9.5 9.3 9.2 9.5 8.3 7.6 10.6 10.4 
48 7.8 6.5 8.4 9.9 9.8 8.2 10.0 10.6 10.0 9.2 9.4 
49 9.0 8.4 8.0 8.4 9.2 10.4 6.6 10.3 11.5 9.6 8.6 
50 8.7 8.9 7.2 9.2 7.8 8.9 8.8 11.1 9.6 9.8 8.4 
51 9.1 9.2 8.5 9.5 9.0 9.0 10.5 7.6 9.5 8.5 8.2 
52 9.8 8.4 10.0 10.7 8.1 9.9 8.7 9.3 8.8 9.6 7.9 
53 9.1 9.9 10.7 9.2 10.0 9.0 8.9 10.0 9.8 8.4 7.9 
54 10.4 8.4 9.0 8.6 9.5 10.2 8.3 8.7 9.9 9.7 9.8 
55 7.0 8.9 9.7 7.7 7.7 8.6 9.3 10.6 9.2 7.3 10.0 
56 9.0 9.1 9.6 7.1 10.4 8.0 9.5 8.1 9.9 9.4 8.5 
57 10.4 7.8 9.8 8.9 8.9 9.7 8.8 9.8 9.6 10.2 10.2 
58 8.2 8.0 10.4 9.4 9.9 7.5 11.6 8.9 6.6 9.1 7.9 
59 8.7 8.1 8.9 9.2 10.2 9.3 8.7 8.2 7.7 9.8 8.6 
60 9.6 9.0 8.5 8.3 9.8 6.4 8.2 7.3 10.6 8.2 10.0 
61 9.4 8.5 9.3 12.1 8.6 8.9 8.4 9.5 8.7 10.8 10.0 
62 10.3 9.7 8.4 8.3 7.7 9.5 9.2 10.3 7.9 8.4 9.7 
63 7.8 10.6 9.1 9.0 9.1 8.7 8.7 7.4 10.4 11.4 9.6 
64 9.3 9.4 9.6 9.8 9.0 11.6 9.5 9.9 8.6 8.4 6.4 
65 9.0 8.3 9.0 9.8 7.1 11.9 9.1 9.2 10.3 9.1 9.2 
66 9.1 9.5 8.7 9.3 9.5 8.4 8.1 8.8 8.8 8.8 9.0 
67 9.0 9.4 7.9 9.5 10.0 9.2 7.6 8.2 8.9 9.1 9.4 
68 10.5 8.3 10.1 10.0 11.1 10.3 10.1 8.9 9.0 9.2 9.0 
69 9.3 9.6 8.9 7.7 9.1 8.9 8.3 8.7 8.2 9.0 8.9 
70 9.1 9.3 9.4 8.7 8.3 9.2 7.1 10.1 9.1 8.2 10.0 
71 9.2 9.6 7.8 8.2 11.1 11.0 10.5 8.6 9.1 8.1 9.8 
72 10.2 10.6 7.6 9.4 9.6 8.5 9.1 10.7 9.7 8.0 8.7 
73 10.6 9.3 10.1 9.4 7.5 8.5 10.0 10.2 8.5 9.5 9.1 
74 7.7 9.1 8.9 9.3 6.9 9.6 9.0 9.6 8.7 9.7 11.1 
75 9.7 8.0 11.3 8.5 7.9 8.5 8.3 9.5 8.2 10.0 8.8 
76 8.2 7.6 8.1 9.0 9.0 8.6 8.8 9.2 10.5 7.7 9.1 
77 8.6 9.2 8.0 8.6 8.1 8.2 8.2 9.3 8.6 8.5 7.8 
78 8.1 9.2 8.5 8.4 9.2 9.0 8.1 8.8 10.1 8.3 8.7 
79 8.2 9.6 7.3 7.9 8.5 10.1 8.8 10.3 8.0 8.4 9.6 
80 7.9 10.3 8.2 8.3 9.3 9.8 9.5 10.8 8.3 8.2 9.6 
81 10.9 8.1 8.9 10.0 8.2 8.8 8.4 11.2 9.9 8.6 8.7 
82 9.5 11.3 8.7 9.9 9.5 8.1 7.6 8.5 8.4 9.1 9.5 
83 8.8 8.1 8.9 8.2 8.5 8.7 10.7 10.1 9.2 9.4 9.6 
84 9.3 8.1 8.3 11.5 8.5 9.9 9.7 8.1 9.9 8.9 9.2 
85 11.5 10.1 9.0 9.2 10.0 9.2 8.6 9.2 8.6 9.3 8.4 
86 9.6 10.0 9.0 10.7 8.3 8.1 9.9 9.7 9.0 8.0 9.6 
87 9.3 7.4 9.0 10.2 9.9 9.3 9.5 7.5 8.2 7.5 9.3 
88 9.9 9.0 8.7 9.0 8.4 8.2 10.3 7.4 10.3 10.0 8.2 
89 9.1 10.5 9.6 9.4 9.4 8.3 9.6 8.7 8.2 8.9 10.2 
90 8.9 8.0 9.5 9.5 9.1 7.8 9.7 9.1 8.9 9.4 8.5 
91 7.3 10.8 9.8 8.9 7.9 9.7 9.0 8.7 8.7 9.4 10.7 
92 8.8 9.3 8.8 8.3 9.4 8.6 11.3 10.6 10.0 8.6 9.5 
93 9.1 9.1 9.8 9.3 8.4 7.0 9.9 9.7 11.2 9.4 9.5 
94 8.3 10.9 8.8 8.9 8.5 9.1 8.8 8.1 8.5 10.1 8.8 
95 8.8 9.5 10.4 9.1 9.6 8.9 8.1 8.4 9.8 9.7 8.0 
96 8.2 7.9 8.8 9.0 10.0 9.4 7.8 10.8 9.0 8.7 9.1 
97 10.2 9.4 10.7 7.9 9.3 8.1 8.3 9.4 10.1 10.2 8.5 
98 10.5 10.0 8.7 9.5 9.5 9.3 9.8 9.5 9.1 9.8 9.1 
99 8.2 8.6 8.2 9.1 10.0 9.6 8.6 9.8 7.8 9.2 8.2 
100 11.9 9.4 9.7 6.2 9.3 7.7 8.9 7.1 10.2 7.1 8.9 
101 9.3 8.5 9.3 10.3 9.4 9.5 9.5 9.9 8.5 8.1 8.3 
102 9.4 8.4 9.0 9.2 9.3 8.1 9.3 8.1 9.0 9.8 10.2 
103 8.7 8.9 7.3 9.9 7.9 9.8 7.5 8.6 10.2 9.0 7.4 
104 8.1 9.4 8.5 8.2 8.7 9.8 9.9 11.8 9.8 9.5 8.5 
105 9.3 10.5 9.9 9.5 10.9 9.6 9.8 9.5 9.5 10.4 10.4 
106 10.9 9.8 8.6 8.2 8.7 7.6 8.2 8.5 10.0 9.4 7.8 
107 9.3 9.1 9.5 8.5 8.7 9.1 10.5 9.0 8.3 8.3 8.7 
108 9.4 8.4 10.0 8.2 8.4 10.3 8.6 9.5 10.0 8.0 9.6 
109 8.8 10.0 8.1 8.9 9.5 8.6 8.9 8.4 9.9 7.8 8.3 
110 8.4 8.9 9.3 9.0 9.4 9.4 8.4 10.7 8.0 9.6 9.5 
111 9.4 9.4 10.2 8.6 9.3 9.8 8.0 8.4 8.7 8.5 9.4 
112 9.1 7.9 9.2 10.2 8.2 7.7 9.3 9.1 9.6 8.2 8.0 
113 10.1 9.5 9.5 10.2 7.2 8.6 9.1 7.5 7.6 10.5 9.9 
114 8.8 8.5 7.9 9.2 9.4 9.3 9.8 9.0 8.9 9.4 8.8 
115 8.8 10.3 7.2 9.6 10.2 9.8 9.9 9.8 8.2 10.0 9.4 
116 8.0 7.5 9.6 7.1 9.3 9.8 8.0 8.1 9.6 9.4 9.0 
117 7.8 10.7 7.9 8.7 9.8 9.2 9.7 8.4 8.0 8.5 8.6 
118 9.2 7.7 8.7 9.1 8.4 7.8 10.2 9.1 9.1 9.5 10.0 
119 8.9 10.2 8.4 9.6 9.5 10.5 10.0 9.2 10.1 8.6 8.7 
120 8.8 9.8 8.8 9.6 9.8 8.9 8.0 8.3 9.6 7.7 7.2 
121 8.5 8.3 9.7 9.5 9.2 8.0 8.1 8.9 9.3 7.7 7.8 
122 8.1 8.6 10.0 10.9 10.5 8.1 11.7 10.3 8.0 10.4 9.6 
123 9.3 10.4 8.6 7.5 9.2 9.0 10.1 9.6 8.7 10.5 9.3 
124 11.0 9.4 11.2 8.2 9.6 9.4 9.2 9.9 11.3 8.9 7.1 
125 9.7 9.3 9.9 9.7 8.6 10.2 10.1 9.2 8.8 9.5 8.4 
126 9.5 9.8 10.2 8.6 7.7 8.1 10.8 9.6 9.1 7.6 8.6 
127 8.3 7.3 10.6 9.4 9.1 9.1 7.4 9.4 8.4 11.1 8.8 
128 8.2 9.5 9.5 10.0 9.9 8.6 8.0 8.2 11.1 8.5 10.8 
129 9.8 9.9 8.1 9.1 9.8 8.3 10.6 8.9 9.3 8.0 8.2 
130 10.6 10.0 8.1 9.2 8.6 8.8 8.8 8.4 9.9 9.4 8.3 
131 9.4 8.9 8.8 8.7 8.9 10.2 10.0 9.1 8.5 7.5 9.3 
132 9.2 8.9 9.7 10.0 10.2 8.7 8.6 8.4 7.4 8.1 7.8 
133 8.3 9.1 10.1 8.3 8.4 10.5 9.6 8.4 8.9 10.6 10.6 
134 8.3 9.4 9.4 9.6 7.4 8.7 7.9 9.2 8.6 8.7 9.3 
135 10.2 9.7 8.8 8.1 8.8 9.1 10.2 8.6 7.2 9.5 6.7 
136 9.7 9.6 9.6 9.1 8.9 9.1 7.6 9.6 10.6 10.3 8.5 
137 7.6 9.3 8.2 8.4 8.9 10.0 8.5 11.4 8.8 8.5 8.9 
138 9.6 8.8 7.9 8.7 8.6 9.4 10.4 8.9 8.4 8.9 8.4 
139 8.5 9.4 8.5 9.0 9.5 8.1 10.2 11.1 8.5 9.9 8.0 
140 8.8 10.3 8.2 9.5 10.0 8.7 7.8 8.9 8.4 9.5 9.7 
141 7.8 10.8 9.9 9.7 9.0 7.4 9.2 9.8 8.3 8.9 8.9 
142 6.2 9.2 9.4 9.9 9.3 9.7 9.8 10.1 8.6 10.2 9.7 
143 7.8 9.5 9.7 8.9 10.4 9.4 9.2 8.8 10.1 7.8 8.9 
144 9.9 8.6 9.0 8.4 6.7 8.6 8.8 8.6 10.4 10.9 7.3 
145 8.1 10.7 9.2 7.0 9.3 8.9 9.3 9.4 8.3 9.7 10.4 
146 10.0 7.3 9.1 9.7 8.1 9.4 9.2 8.7 11.1 8.2 9.4 
147 9.0 8.4 9.8 10.3 10.0 7.7 10.5 8.9 7.7 9.6 9.0 
148 11.1 8.5 9.7 8.4 10.0 8.9 8.9 10.2 8.7 8.7 10.9 
149 8.9 8.8 7.2 8.6 10.5 8.0 7.6 8.7 8.6 9.3 8.1 
150 8.2 9.3 11.0 10.0 8.0 9.4 10.8 9.7 10.0 9.3 8.7 
151 9.4 9.4 10.4 9.4 8.3 10.4 9.3 8.6 9.2 8.8 7.9 
152 9.3 8.8 10.3 10.3 10.1 8.7 9.2 8.6 9.7 8.8 7.8 
153 8.8 6.8 11.2 8.5 10.3 6.7 10.5 10.0 9.0 9.5 7.6 
154 9.6 7.8 7.9 9.7 10.1 8.7 6.7 11.6 8.2 9.3 7.7 
155 9.1 9.4 7.8 10.3 9.2 8.5 8.2 9.1 8.7 8.4 9.5 
156 7.4 9.7 7.0 8.0 9.8 8.9 8.8 8.5 8.3 8.7 9.5 
157 10.3 10.9 9.1 8.8 9.8 8.9 8.6 10.2 8.4 7.7 9.7 
158 9.8 9.4 8.4 10.1 10.3 8.9 9.1 7.6 8.1 8.1 9.1 
159 8.3 8.4 8.6 9.5 9.8 8.2 11.3 8.2 8.9 9.6 10.4 
160 9.1 10.2 9.9 9.6 9.7 8.2 7.9 10.0 10.3 8.6 8.4 
161 9.1 6.5 8.2 9.8 9.3 6.9 8.5 7.4 8.7 8.0 10.5 
162 8.6 8.8 9.0 8.5 8.5 9.4 8.6 9.9 9.7 10.8 7.6 
163 7.8 9.3 9.6 9.8 10.2 10.3 9.2 9.6 8.7 12.5 8.6 
164 9.6 8.1 9.7 8.9 9.1 10.3 10.4 6.4 7.5 7.7 8.5 
165 8.7 8.7 7.5 8.7 7.6 11.1 8.9 8.8 7.8 7.4 9.1 
166 8.8 9.5 9.1 8.8 9.8 10.5 10.7 9.3 10.3 9.7 9.0 
167 9.9 11.1 10.0 9.7 10.0 7.5 9.9 9.0 9.0 8.2 8.4 
168 8.3 10.7 9.9 8.8 9.0 8.4 9.5 6.6 10.0 7.5 9.3 
169 7.5 7.8 9.1 9.6 10.3 10.7 8.4 8.6 9.8 8.6 10.9 
170 10.0 8.0 11.2 9.6 9.7 8.3 9.3 10.1 8.5 8.5 8.6 
171 8.2 9.4 9.2 9.5 7.8 9.5 9.7 9.7 7.9 9.3 9.3 
172 11.1 10.1 8.6 7.4 10.3 9.9 9.8 9.0 10.0 8.4 9.0 
173 9.6 9.9 8.6 8.0 9.5 8.4 7.0 8.5 9.8 10.4 10.0 
174 9.6 9.4 9.1 8.2 10.3 8.7 7.8 9.9 7.6 10.6 9.9 
175 9.0 9.2 10.1 9.0 8.9 7.5 7.8 8.7 7.8 11.2 9.5 
176 8.8 7.8 8.0 9.2 11.3 10.5 10.1 9.2 10.8 8.5 8.1 
177 9.1 9.6 9.3 9.8 9.9 8.0 8.4 9.7 8.0 8.4 8.6 
178 8.4 10.3 7.9 8.3 8.8 9.9 8.3 10.3 8.6 8.5 9.3 
179 10.5 10.1 9.0 9.7 11.8 10.2 10.2 7.5 10.0 11.0 8.4 
180 9.9 8.2 9.3 8.3 8.4 9.2 8.7 7.8 10.8 9.5 10.0 
181 10.3 11.5 9.2 9.0 8.4 10.4 8.9 9.1 8.3 8.3 7.8 
182 7.9 8.9 7.8 9.3 8.6 9.4 10.5 10.7 9.2 9.7 7.3 
183 8.1 10.2 11.5 8.4 9.7 9.3 8.4 10.1 9.2 10.1 7.9 
184 9.1 9.1 7.6 8.0 8.2 8.2 11.2 10.7 11.0 8.3 8.5 
185 9.5 10.4 8.8 8.7 9.0 9.6 9.8 10.7 8.2 9.5 6.7 
186 8.8 8.2 9.0 9.6 8.4 8.9 9.0 8.7 8.0 10.2 9.9 
187 7.7 9.8 9.2 8.6 10.6 8.6 10.0 8.4 9.2 8.1 8.2 
188 8.1 8.6 9.1 7.7 8.9 9.2 9.6 8.3 10.7 7.3 8.2 
189 8.3 9.3 9.1 7.9 8.3 7.3 8.4 8.3 8.7 9.8 8.0 
190 9.0 9.7 8.0 7.6 8.1 8.8 11.1 8.8 10.3 9.9 8.1 
191 6.9 9.0 8.7 10.0 7.5 8.2 8.0 8.3 8.1 9.3 9.5 
192 9.5 9.0 9.8 9.5 8.4 9.3 7.9 8.8 7.8 8.8 8.7 
193 9.8 8.7 10.6 7.9 8.1 9.1 9.5 8.5 9.7 8.0 8.9 
194 10.2 9.1 7.6 8.6 7.5 9.7 9.9 11.1 10.7 8.0 9.5 
195 9.3 8.6 9.9 9.4 8.4 6.3 8.8 9.2 9.8 11.3 9.5 
196 7.6 9.0 10.7 8.7 8.7 9.3 8.4 8.0 10.7 8.4 8.3 
197 8.0 9.8 11.5 10.0 10.8 9.6 7.1 7.7 9.9 10.0 9.8 
198 8.7 10.0 10.5 9.0 9.1 8.2 10.1 9.5 8.1 8.5 9.3 
199 8.9 10.1 8.1 9.0 10.1 9.3 10.5 10.7 10.7 10.6 7.2 
200 9.2 7.7 8.1 9.3 10.0 9.9 9.7 7.0 9.0 10.1 7.7 
201 9.4 9.3 9.6 10.0 10.3 9.4 11.8 10.7 8.9 8.9 7.9 
202 9.6 8.9 9.9 10.2 8.9 9.3 8.7 9.0 9.4 9.8 9.6 
203 9.5 10.1 10.1 9.7 8.2 10.0 8.3 8.8 8.2 8.2 9.4 
204 10.1 7.6 10.0 8.9 10.4 8.8 8.7 9.9 10.1 8.7 8.7 
205 9.2 9.7 9.5 8.1 9.1 9.2 9.0 9.5 9.6 7.5 8.1 
206 11.1 9.1 8.6 7.9 9.3 9.0 8.8 7.8 8.2 7.7 9.0 
207 9.3 8.9 10.1 8.5 8.2 8.8 9.4 7.4 7.9 8.9 8.1 
208 9.7 8.2 8.4 9.3 10.7 9.1 8.0 9.9 9.8 8.7 11.5 
209 8.1 8.5 9.1 8.5 8.4 9.5 9.2 7.6 9.4 8.4 9.6 
210 10.0 9.4 8.3 8.8 9.1 9.1 10.0 9.9 9.3 8.5 8.6 
211 10.4 10.1 9.0 8.4 8.8 10.9 7.4 8.7 10.0 8.8 10.8 
212 8.9 8.3 7.8 8.9 8.8 9.3 9.1 8.1 10.0 9.5 9.2 
213 7.4 8.7 8.9 8.9 9.5 8.8 9.7 10.1 8.4 8.4 8.0 
214 7.6 10.7 9.0 10.5 9.4 10.0 11.3 8.5 9.3 9.9 10.3 
215 8.6 10.8 10.5 11.2 7.3 7.2 10.2 7.8 8.4 9.0 8.8 
216 8.7 8.5 9.1 9.3 9.3 9.9 10.1 9.1 9.1 9.7 9.9 
217 8.7 8.1 9.3 9.1 10.3 8.2 8.3 9.0 9.5 9.4 9.6 
218 9.8 6.9 8.8 8.3 8.3 8.3 8.2 9.8 8.2 8.2 9.6 
219 11.0 9.1 8.4 10.0 8.7 9.1 10.2 8.1 9.5 8.0 8.8 
220 9.3 9.3 9.1 10.8 8.4 8.8 8.5 9.5 8.1 10.0 9.7 
221 9.6 9.1 9.6 8.6 9.1 8.5 8.7 7.7 9.4 8.1 10.1 
222 8.6 9.0 8.2 8.8 8.2 9.3 8.7 11.0 9.5 9.4 10.0 
223 9.0 9.2 8.5 9.1 8.3 9.3 8.3 9.3 9.3 7.8 6.8 
224 10.3 7.2 10.1 9.9 9.8 6.9 10.1 9.1 8.3 9.1 10.8 
225 7.1 9.8 10.1 7.1 9.3 9.4 10.4 10.1 10.4 8.6 10.8 
226 8.9 10.3 7.9 10.0 10.3 10.4 8.7 10.5 8.1 8.9 9.0 
227 8.7 10.4 10.2 8.5 9.7 8.7 7.0 8.9 7.7 10.5 9.3 
228 8.1 9.8 10.4 9.5 7.4 7.9 8.1 9.9 7.2 10.2 9.3 
229 9.3 9.3 9.1 8.5 10.4 7.9 9.2 8.8 8.6 8.5 9.6 
230 8.1 8.6 7.7 9.8 10.6 8.1 10.1 8.9 9.0 10.4 8.5 
231 8.8 8.8 8.7 8.5 6.9 8.5 8.2 9.6 11.0 8.6 10.4 
232 8.2 10.4 8.4 8.0 8.0 7.9 9.3 9.2 8.4 8.6 9.2 
233 10.0 7.1 8.7 11.1 7.7 9.0 10.4 8.6 10.5 8.8 10.8 
234 9.9 9.2 8.7 8.6 9.5 9.0 10.0 10.1 8.8 8.7 10.0 
235 8.3 10.7 9.7 7.3 9.1 9.7 10.1 8.3 10.1 9.8 8.0 
236 9.8 9.1 9.9 9.6 9.5 8.4 9.7 7.7 8.5 9.9 9.0 
237 10.0 9.3 8.7 10.0 9.5 8.7 9.5 8.2 9.2 9.0 7.5 
238 9.3 9.6 8.3 8.5 9.9 8.0 9.1 8.2 8.7 7.9 8.6 
239 9.8 8.9 8.6 7.9 8.7 10.1 6.9 9.9 8.4 8.4 9.6 
240 11.2 8.1 8.2 10.5 7.7 9.7 8.1 8.0 10.4 8.6 10.1 
241 9.4 11.3 9.5 9.1 7.5 9.9 9.7 9.5 7.4 8.9 8.2 
242 10.1 9.2 9.2 8.2 9.5 8.6 9.5 9.8 11.5 9.6 9.1 
243 8.5 8.2 9.7 9.1 8.7 9.8 8.0 7.9 10.5 9.4 7.1 
244 9.8 7.8 6.9 10.2 8.4 9.9 9.0 9.7 10.1 10.2 10.6 
245 7.9 10.5 10.4 10.3 9.2 8.4 10.6 8.9 11.1 9.5 8.9 
246 8.3 9.2 8.5 8.6 8.8 9.3 9.9 10.0 8.3 7.8 9.6 
247 9.4 8.3 8.2 8.1 10.3 8.1 9.7 9.0 8.1 9.7 8.3 
248 7.6 10.4 8.0 8.6 9.3 8.9 7.9 9.3 8.6 9.5 9.7 
249 7.7 10.8 8.0 8.9 11.3 9.3 9.3 9.6 8.9 8.9 9.6 
250 7.0 8.9 7.0 9.6 10.5 8.3 10.1 10.0 9.8 9.8 8.4 
251 9.7 7.3 8.5 8.7 9.3 8.6 8.5 8.3 9.2 9.7 8.6 
252 8.7 8.1 9.7 9.8 10.2 9.9 7.6 10.9 8.7 10.3 7.8 
253 7.7 7.5 7.4 11.3 9.8 10.7 8.1 8.2 8.4 8.2 9.8 
254 8.1 9.3 8.5 11.5 8.6 9.6 10.2 7.2 8.8 10.8 9.8 
255 9.0 8.6 9.6 10.5 10.2 8.3 9.5 7.9 11.4 9.9 9.9 
256 9.0 8.1 9.1 7.9 8.4 9.9 7.3 8.7 8.0 8.7 8.9 
257 8.7 9.6 6.7 11.2 8.6 9.0 10.3 9.6 9.3 10.2 8.7 
258 9.6 10.9 7.6 10.6 8.8 9.6 10.1 9.4 11.5 7.9 9.0 
259 9.9 10.2 8.4 9.0 9.3 10.2 8.5 8.2 9.1 7.7 10.6 
260 10.6 9.4 7.9 7.9 8.9 9.5 8.6 8.8 8.5 8.3 8.0 
261 9.3 10.0 9.8 8.9 10.1 9.0 9.7 11.4 8.4 9.2 9.5 
262 8.2 8.6 8.5 8.2 8.1 9.6 8.3 7.6 7.4 8.6 7.7 
263 9.0 8.8 9.0 8.9 9.0 10.2 9.6 9.3 8.9 8.0 10.3 
264 9.1 9.6 8.9 9.3 9.2 6.7 8.7 8.8 8.7 8.4 8.0 
265 9.5 9.2 8.6 9.0 9.1 8.7 10.3 7.3 10.7 9.7 10.6 
266 7.2 9.6 8.4 8.2 8.2 9.3 9.2 8.1 10.1 8.6 9.2 
267 8.9 6.7 10.8 9.2 10.3 8.9 9.3 9.3 10.3 8.4 9.7 
268 9.8 8.6 8.5 11.6 9.8 8.7 9.9 7.4 10.2 10.1 8.6 
269 10.9 9.0 11.0 9.5 8.8 8.5 9.1 9.9 9.4 9.4 10.0 
270 8.3 8.5 8.4 8.6 7.2 8.4 8.6 9.5 9.1 7.7 9.1 
271 9.4 9.3 9.0 8.3 10.5 9.1 10.1 9.1 8.7 9.4 8.9 
272 8.9 9.8 9.4 8.5 8.6 10.6 8.6 9.7 8.8 11.6 9.2 
273 9.3 8.7 8.1 10.2 10.2 9.3 8.0 9.0 10.0 8.4 8.0 
274 8.7 8.2 9.8 9.8 9.7 8.5 7.8 8.4 10.7 8.5 9.7 
275 9.9 8.2 9.8 8.1 10.1 9.6 10.4 9.1 7.7 9.1 9.9 
276 7.5 9.7 9.3 9.7 8.0 9.8 9.3 10.4 7.5 9.6 8.9 
277 9.1 9.3 9.4 9.3 8.5 9.5 8.2 7.6 10.1 8.9 10.6 
278 8.0 8.7 8.5 7.9 10.9 8.1 8.5 8.3 6.9 10.9 9.0 
279 9.1 8.4 10.2 10.5 8.1 9.5 11.3 7.8 6.6 8.8 9.6 
280 7.8 10.3 8.7 9.7 10.2 8.9 8.3 9.3 10.6 9.2 10.6 
281 9.2 8.6 10.0 9.7 9.1 9.8 8.9 9.1 8.2 7.9 8.2 
282 9.5 7.5 6.8 7.4 8.1 9.6 10.1 9.1 9.0 9.3 7.8 
283 8.6 7.8 9.7 9.4 11.0 9.1 7.4 8.0 8.9 8.7 9.6 
284 9.6 10.1 9.1 9.3 7.6 9.3 10.1 9.7 10.7 10.3 9.7 
285 8.3 9.9 9.6 9.1 9.4 9.8 10.0 9.5 9.6 10.5 9.8 
286 9.6 8.9 8.5 9.6 10.0 11.5 9.3 8.9 8.0 6.9 9.2 
287 8.1 8.5 8.2 8.4 9.5 8.4 10.8 9.1 9.2 8.1 10.2 
288 6.8 8.4 8.3 9.9 8.3 9.9 9.3 8.0 8.6 7.6 8.5 
289 10.9 9.0 7.3 9.6 8.9 8.9 9.3 10.3 9.6 9.9 9.4 
290 10.1 8.4 8.3 8.5 7.9 8.7 9.2 10.0 7.7 9.6 8.1 
291 8.5 10.6 9.8 8.0 8.6 10.7 8.6 7.8 9.2 7.7 10.0 
292 10.1 10.1 8.3 7.7 9.2 9.3 8.9 9.1 10.1 7.2 11.3 
293 9.3 9.9 9.5 8.1 7.9 8.2 9.9 7.9 9.1 10.4 8.9 
294 9.4 9.1 8.1 9.1 9.9 8.4 8.4 10.4 9.7 10.3 8.9 
295 9.8 8.8 9.0 9.4 9.4 7.4 9.7 10.3 10.6 8.6 8.7 
296 10.4 10.7 9.8 8.7 7.7 8.5 9.1 8.8 10.0 9.7 8.3 
297 8.1 8.3 9.8 9.5 9.6 8.3 10.2 8.8 7.9 9.7 9.3 
298 10.2 9.1 10.8 9.5 8.5 10.2 8.5 6.8 7.6 11.0 8.0 
299 8.8 10.4 10.6 8.5 8.9 9.5 9.1 7.5 7.9 8.9 9.5 
300 8.2 10.0 8.7 10.6 8.4 7.9 10.3 9.5 9.1 8.8 10.3 
301 10.1 8.9 9.3 9.9 9.0 9.6 8.0 10.1 8.8 8.3 11.0 
302 8.6 9.8 10.7 8.2 7.6 10.0 9.7 8.5 9.5 8.2 8.9 
303 9.7 7.9 10.1 8.9 9.4 7.8 8.3 11.1 8.6 8.4 9.0 
304 9.9 10.8 8.7 7.3 8.4 8.5 9.6 8.0 8.2 11.1 9.3 
305 9.4 10.6 9.7 8.9 7.7 10.1 7.2 8.0 9.0 9.5 9.5 
306 9.2 7.8 9.1 8.7 10.4 8.3 6.7 10.2 10.4 9.3 10.7 
307 8.8 10.4 8.5 9.4 8.5 9.2 9.7 6.8 8.8 9.2 7.1 
308 10.5 9.1 10.4 9.4 7.3 9.0 9.6 10.6 7.4 9.0 9.8 
309 7.9 10.5 8.8 9.0 10.9 10.2 7.1 9.2 8.1 8.4 8.0 
310 8.6 7.5 8.4 9.7 10.2 9.7 9.6 11.2 9.0 6.7 9.7 
311 7.9 8.9 9.0 9.0 8.8 10.3 7.7 9.5 8.2 9.2 9.6 
312 9.1 7.9 9.4 9.8 8.7 8.9 9.1 8.1 8.7 8.2 7.5 
313 9.2 10.2 9.4 10.0 10.4 8.0 8.6 9.4 10.1 9.1 9.7 
314 9.3 8.8 7.1 8.8 8.2 10.4 8.7 9.0 8.8 9.1 9.8 
315 8.1 9.0 9.7 7.0 8.7 10.1 7.7 9.1 9.7 9.2 7.8 
316 7.7 9.2 9.8 10.1 8.8 8.6 8.5 7.2 9.9 8.7 9.2 
317 8.9 9.5 9.1 10.0 9.3 9.4 7.7 9.7 9.0 9.2 9.4 
318 9.6 8.7 10.0 10.9 9.6 8.6 9.6 10.3 8.6 8.9 10.0 
319 7.8 8.9 7.6 10.1 9.9 8.6 7.0 8.3 10.0 10.1 8.6 
320 7.6 9.2 9.6 9.2 8.6 8.3 8.9 9.7 9.7 8.9 10.7 
321 9.6 9.1 9.3 8.1 8.7 9.4 9.2 9.4 9.8 9.7 9.3 
322 8.3 8.6 9.4 11.0 8.9 8.3 9.2 9.3 6.6 9.4 8.6 
323 8.0 10.9 10.1 9.4 9.1 9.7 9.3 11.7 9.2 9.4 8.6 
324 9.2 8.3 8.5 10.1 8.9 9.1 8.7 9.1 9.8 8.5 10.1 
325 8.3 9.7 10.4 10.0 10.0 8.3 9.3 9.9 8.8 9.4 9.0 
326 10.1 8.5 9.1 10.1 8.9 7.9 9.3 9.3 8.5 8.2 9.3 
327 9.0 10.3 7.3 9.0 9.1 8.8 8.5 9.5 9.1 8.2 9.0 
328 8.5 6.9 10.3 9.4 10.6 9.4 9.8 8.7 8.5 8.0 9.9 
329 10.3 7.5 10.3 8.9 9.0 9.6 7.8 9.2 9.4 9.8 9.8 
330 10.5 9.7 10.6 8.9 9.3 9.6 8.2 10.6 7.4 9.2 8.8 
331 9.9 8.4 8.2 7.6 10.1 8.1 9.6 9.8 9.0 8.1 9.0 
332 8.7 7.3 8.7 7.9 9.0 7.5 9.8 8.8 7.5 9.2 9.7 
333 10.7 10.4 7.8 9.4 9.8 9.1 10.0 9.0 10.1 8.5 9.5 
334 7.9 9.2 8.2 10.0 11.0 10.2 9.9 8.4 8.1 8.2 9.6 
335 10.3 9.5 9.4 7.5 8.7 8.5 8.6 7.5 9.7 9.3 10.9 
336 8.2 9.9 8.1 9.1 8.4 10.8 10.0 9.7 10.6 9.1 8.2 
337 7.9 8.8 7.1 8.7 9.2 8.3 7.6 9.7 10.2 9.3 8.4 
338 9.2 9.4 8.3 9.5 8.1 7.1 8.4 9.5 8.2 10.4 9.2 
339 9.1 10.3 10.8 9.0 10.2 6.7 8.1 9.3 9.0 10.8 9.7 
340 8.7 9.0 9.1 8.9 9.8 8.7 9.5 8.2 8.7 10.2 9.2 
341 8.1 9.6 8.6 9.8 9.1 10.3 9.4 7.4 8.3 10.4 8.2 
342 8.0 9.7 10.2 8.7 8.5 10.1 10.4 10.1 8.5 8.5 8.9 
343 7.9 8.9 8.5 6.5 8.6 9.1 10.3 8.8 10.5 9.7 9.5 
344 8.7 10.0 9.0 10.3 8.0 9.7 8.8 8.3 8.5 9.2 9.3 
345 9.9 8.9 9.6 9.7 9.8 8.2 8.1 10.0 8.4 8.7 7.7 
346 9.5 10.0 10.0 10.2 9.1 9.8 8.5 9.9 10.9 10.3 8.7 
347 8.0 10.8 8.6 11.3 9.4 9.6 8.8 8.3 10.2 7.4 9.6 
348 9.1 9.5 9.7 9.0 9.2 10.1 9.4 9.6 10.0 9.3 9.6 
349 9.1 7.3 8.2 8.4 9.9 8.0 8.0 9.0 7.4 8.9 8.6 
350 10.3 9.1 9.4 7.4 10.2 8.1 8.6 7.1 10.1 7.4 9.1 
351 8.5 9.5 8.0 8.0 9.1 9.1 8.9 9.1 8.9 10.1 9.0 
352 9.5 9.1 8.1 8.1 9.7 7.6 8.2 10.7 9.7 7.1 8.4 
353 9.2 8.8 10.5 8.6 9.4 8.1 10.7 8.6 8.6 9.0 9.0 
354 10.7 7.9 9.8 8.7 7.5 8.7 8.9 8.9 8.5 9.9 8.9 
355 9.0 8.1 8.2 9.2 9.4 9.9 10.3 7.4 8.8 10.0 9.6 
356 9.5 10.2 8.7 7.5 8.2 8.6 10.1 9.2 11.7 9.8 9.4 
357 10.2 10.2 9.2 9.0 8.7 7.5 9.6 7.6 8.5 9.6 9.6 
358 9.6 8.1 8.9 9.2 10.3 10.0 12.0 8.9 9.9 11.6 9.0 
359 10.5 7.6 8.2 8.2 8.5 7.0 9.7 8.5 9.8 9.3 8.6 
360 11.8 8.7 9.5 10.1 9.1 9.2 9.0 10.3 8.5 8.2 9.8 
361 8.7 9.6 10.3 8.7 9.6 9.4 9.7 9.9 10.9 9.7 8.0 
362 8.9 8.6 9.8 9.0 9.1 7.4 9.0 10.5 8.3 9.6 8.5 
363 8.3 9.7 8.4 7.7 9.8 9.1 9.8 10.0 10.9 9.2 8.0 
364 9.5 8.1 8.0 8.4 9.1 8.0 9.3 8.5 7.9 8.0 10.1 
365 8.4 8.8 8.9 8.5 8.6 11.4 8.5 10.1 10.3 9.8 8.3 
366 9.5 8.0 8.6 9.9 8.6 10.2 8.0 6.9 10.4 8.3 9.2 
367 9.1 10.8 8.9 9.2 9.6 9.8 9.8 9.4 7.3 9.2 9.8 
368 7.1 7.9 10.8 8.6 7.4 7.6 8.5 9.1 10.1 9.8 9.7 
369 9.3 8.8 9.3 7.7 7.8 9.4 9.5 9.2 9.2 8.6 10.2 
370 8.6 10.0 8.7 9.6 9.1 10.3 9.7 8.8 8.1 6.9 7.4 
371 8.6 7.9 9.4 10.0 9.5 7.1 9.4 9.6 7.2 9.0 8.1 
372 9.1 8.4 8.4 9.3 9.5 9.9 8.3 9.6 9.1 9.1 8.7 
373 9.3 9.7 9.3 9.7 8.9 9.7 10.0 7.6 9.2 10.1 9.1 
374 9.5 9.1 9.6 7.9 8.5 8.4 10.0 10.2 9.3 8.8 10.3 
375 8.9 10.1 8.5 9.0 10.6 9.9 8.9 8.9 8.7 8.3 9.1 
376 8.5 9.0 9.4 8.0 8.4 8.3 10.7 8.3 8.5 8.9 7.3 
377 8.8 8.8 7.8 9.8 9.1 10.7 8.2 8.8 10.7 9.8 9.1 
378 7.3 9.8 10.2 11.5 7.6 8.8 9.3 7.6 10.2 8.6 9.6 
379 8.1 10.6 8.2 8.3 9.6 9.0 8.2 11.3 11.5 8.5 9.8 
380 9.7 9.6 9.7 7.6 10.3 9.9 11.0 9.5 9.8 8.8 9.6 
381 9.8 9.1 7.5 9.7 8.6 7.6 11.1 9.4 9.1 9.0 9.8 
382 8.0 8.6 8.0 10.1 11.8 11.5 8.6 9.5 8.7 8.8 11.3 
383 9.9 9.4 7.2 8.8 9.4 7.9 10.0 8.6 9.0 9.0 7.7 
384 10.6 8.1 8.0 8.2 8.9 9.5 9.4 8.4 10.2 8.8 8.2 
385 8.2 9.3 9.3 7.4 7.3 10.4 8.5 9.3 7.9 9.1 7.8 
386 8.5 10.9 10.0 9.2 8.2 9.9 9.6 10.0 8.6 7.5 8.5 
387 8.2 8.1 8.5 8.9 9.2 9.0 8.3 8.5 7.3 9.5 7.5 
388 8.7 10.3 9.3 7.7 8.2 8.2 8.3 9.3 8.9 9.1 9.8 
389 9.6 10.8 10.1 8.2 9.1 9.5 9.0 9.1 10.0 9.9 9.3 
390 8.6 7.2 10.9 8.9 9.5 9.2 10.2 10.2 8.0 7.7 9.4 
391 8.5 7.7 9.6 9.1 8.6 8.7 7.7 10.0 12.8 8.2 9.8 
392 8.3 9.0 11.4 9.4 11.0 7.9 10.7 8.9 8.0 9.6 10.6 
393 9.3 8.1 9.4 8.8 7.6 9.1 8.6 8.8 9.4 7.6 8.3 
394 9.0 8.6 7.8 10.0 9.4 10.9 10.0 9.4 8.3 8.7 9.7 
395 8.9 9.3 7.7 9.0 9.7 8.1 7.6 7.8 9.2 9.3 9.4 
396 10.0 9.7 9.3 8.9 9.9 8.4 8.0 8.7 9.4 10.0 9.5 
397 8.9 9.3 8.0 10.6 8.0 8.4 7.9 9.8 8.1 8.9 10.1 
398 8.3 10.4 10.0 10.0 8.2 9.4 9.3 9.5 9.1 8.9 8.7 
399 10.4 8.1 9.8 9.3 10.3 9.7 9.4 7.9 9.0 10.8 8.5 
400 10.5 7.3 8.8 9.0 10.5 8.0 11.4 8.3 7.7 10.0 9.6 
401 9.4 9.8 8.1 7.4 9.6 9.2 9.9 8.5 8.7 7.7 7.5 
402 9.1 10.7 8.8 9.3 8.2 11.3 8.1 9.7 8.4 7.5 8.6 
403 7.1 11.5 7.5 8.6 8.4 8.7 10.5 10.2 9.7 9.5 10.9 
404 10.2 8.7 11.3 9.1 9.8 8.4 9.8 11.3 8.9 9.7 9.9 
405 7.8 8.3 10.5 9.4 8.0 8.9 10.0 10.5 8.3 9.2 8.5 
406 9.4 8.9 11.1 7.7 10.4 7.5 8.9 8.5 11.8 9.8 8.3 
407 8.4 8.2 9.8 8.8 8.9 9.0 7.1 8.8 8.5 7.0 9.8 
408 9.7 10.2 8.1 8.8 10.9 8.2 8.6 9.9 8.3 9.5 8.1 
409 8.4 9.5 9.4 9.6 10.2 7.5 8.6 8.8 8.8 9.2 8.1 
410 10.7 9.1 9.6 9.5 8.5 11.1 8.8 10.0 9.4 8.2 8.8 
411 9.1 9.4 10.2 9.6 7.5 8.7 7.7 8.1 8.7 8.1 8.4 
412 8.2 11.1 9.5 8.3 10.3 8.5 9.3 8.5 9.5 9.7 7.3 
413 8.9 8.5 9.4 9.5 8.3 11.3 9.1 10.2 9.9 7.7 10.1 
414 9.9 10.3 10.0 9.7 8.0 9.2 7.6 9.3 9.6 8.7 9.8 
415 9.1 8.3 8.2 8.8 9.0 10.1 9.7 7.8 8.4 9.5 10.4 
416 10.3 9.0 9.4 8.9 8.1 9.5 10.1 8.3 7.2 9.3 8.6 
417 9.7 7.2 8.2 8.3 10.4 7.4 9.6 10.7 9.6 10.7 8.6 
418 8.2 8.1 9.6 9.9 9.5 8.1 9.1 8.6 10.1 9.4 10.2 
419 10.6 9.7 9.8 7.7 9.3 9.0 9.2 9.3 9.1 8.3 9.9 
420 8.9 10.5 9.2 8.0 6.7 8.9 8.6 9.0 9.6 8.9 9.9 
421 8.9 8.1 7.8 8.6 8.8 10.2 9.3 9.8 8.4 9.7 10.0 
422 9.4 8.1 8.1 10.8 9.2 9.9 10.1 9.7 8.0 9.4 11.0 
423 9.7 8.6 10.6 9.1 10.2 8.4 9.4 9.6 11.2 8.5 9.3 
424 8.3 9.8 9.2 7.4 6.8 8.4 9.5 7.9 8.2 8.3 8.9 
425 9.7 7.8 7.3 10.4 9.7 9.1 11.1 9.8 8.0 9.2 9.7 
426 9.5 9.4 9.1 9.2 7.5 8.7 9.7 8.7 8.4 9.4 10.5 
427 8.9 9.1 6.8 9.9 9.4 6.3 8.6 8.4 10.6 7.9 7.8 
428 8.8 8.1 9.7 8.8 9.6 9.8 9.1 9.8 8.4 7.6 8.3 
429 9.9 11.1 9.6 8.6 8.2 8.8 8.5 8.6 9.6 10.1 8.7 
430 9.4 10.4 8.6 10.6 9.5 7.5 11.2 8.6 10.2 11.0 8.5 
431 9.4 9.6 9.6 8.1 9.5 9.1 7.3 8.7 8.5 9.2 7.0 
432 10.4 10.2 8.1 8.3 9.2 10.0 9.3 10.2 9.9 8.2 10.5 
433 8.9 8.7 9.8 7.8 8.2 9.7 8.2 9.9 9.1 9.6 9.2 
434 9.5 8.2 10.0 8.2 8.7 6.7 9.3 10.3 9.8 9.3 10.7 
435 7.6 7.4 9.0 8.4 8.7 7.8 7.6 9.8 8.0 7.3 9.0 
436 10.3 10.2 8.6 9.1 9.8 8.4 9.3 8.7 9.7 7.8 8.8 
437 9.3 9.5 8.9 10.2 7.9 7.9 8.6 7.3 8.5 9.1 8.7 
438 9.6 9.9 8.4 9.9 9.0 7.0 9.5 8.8 8.8 8.2 11.2 
439 10.2 10.4 8.7 9.3 10.8 9.5 8.2 10.4 10.9 12.1 9.9 
440 8.5 10.1 9.7 8.9 9.3 10.2 8.9 11.0 10.3 8.6 9.8 
441 9.8 7.8 9.0 8.1 10.1 9.6 10.1 10.3 9.9 9.0 8.2 
442 8.5 9.4 9.8 8.8 8.6 7.7 8.5 11.4 9.7 8.4 9.5 
443 9.2 9.7 8.5 9.1 8.2 8.5 9.4 8.3 8.4 8.7 9.7 
444 9.5 8.4 8.6 9.9 10.3 7.8 9.5 8.0 9.0 8.3 9.5 
445 8.1 9.8 9.5 10.2 9.2 9.2 8.1 9.0 10.0 8.0 10.4 
446 8.7 8.5 9.7 9.3 8.7 8.1 8.9 8.5 10.2 9.5 8.3 
447 10.2 10.0 8.7 9.9 8.4 8.4 11.4 7.6 9.3 8.6 10.6 
448 9.3 8.7 8.4 9.2 8.7 8.8 9.8 9.3 8.8 8.5 9.6 
449 8.5 7.3 9.0 9.4 9.3 7.8 9.1 8.1 9.4 7.7 5.9 
450 10.4 8.1 10.2 8.6 7.8 9.6 9.7 9.3 9.5 9.5 9.5 
451 9.6 9.0 9.7 10.6 10.3 8.8 9.1 8.2 8.4 9.0 9.1 
452 9.1 9.2 9.3 7.6 9.6 7.4 8.0 9.6 7.9 9.0 8.7 
453 8.5 9.3 8.2 8.9 8.6 10.6 7.6 7.7 10.2 9.4 8.6 
454 8.9 7.4 9.8 8.9 10.1 8.6 9.3 8.0 9.0 9.7 8.8 
455 9.4 10.3 9.4 7.5 9.9 7.8 8.7 10.4 9.4 9.8 9.5 
456 9.4 9.8 8.7 9.9 8.0 8.5 10.8 9.3 8.6 8.0 8.0 
457 9.3 8.8 8.4 9.5 8.7 7.4 9.1 10.9 8.6 9.9 9.3 
458 9.3 9.6 9.0 10.7 8.3 12.9 7.3 9.1 9.6 9.3 8.4 
459 9.8 8.3 10.3 9.2 8.5 8.7 8.4 9.0 8.9 7.1 8.9 
460 9.0 7.9 9.8 9.9 9.5 9.1 9.9 7.3 9.0 8.3 9.7 
461 8.9 10.0 9.1 9.1 8.4 8.4 9.7 10.2 7.9 12.5 7.2 
462 10.0 9.4 8.3 10.8 8.6 8.9 9.1 8.6 9.0 8.0 9.9 
463 9.3 10.2 7.6 8.7 8.2 8.6 10.0 10.7 8.8 7.7 9.7 
464 9.8 8.6 9.6 8.8 10.4 8.4 9.3 9.0 10.2 8.8 7.4 
465 8.6 10.1 8.4 9.8 10.1 9.4 8.7 9.3 9.7 8.9 7.7 
466 9.3 10.1 10.1 9.4 8.8 7.2 9.0 9.8 8.6 8.3 10.1 
467 8.6 8.3 8.3 9.4 7.3 9.6 8.1 8.1 8.1 8.1 8.8 
468 9.8 10.1 9.2 9.7 8.5 8.7 10.0 9.3 7.8 8.5 9.1 
469 8.2 9.5 10.0 9.3 9.5 11.2 9.7 11.2 8.8 10.7 9.4 
470 10.6 9.3 8.6 8.9 8.3 9.2 9.7 9.6 9.4 8.6 10.1 
471 9.1 10.4 10.9 8.3 8.9 9.0 9.1 8.7 7.1 9.4 9.2 
472 10.0 8.7 10.3 8.9 8.8 8.5 9.5 8.2 9.2 10.5 8.7 
473 10.2 8.2 9.0 9.5 8.6 8.0 9.1 10.5 8.2 10.0 8.6 
474 8.4 6.7 9.9 10.4 8.0 8.4 9.2 10.1 9.5 7.7 9.2 
475 9.6 7.3 9.1 10.0 8.0 10.9 10.9 8.7 10.1 8.4 9.3 
476 9.7 9.6 9.4 10.3 9.0 9.4 8.6 9.5 8.9 8.9 10.8 
477 8.2 7.3 8.9 9.0 8.7 9.7 9.1 10.3 8.3 9.2 8.4 
478 10.3 8.7 9.0 9.9 10.3 7.9 7.3 9.2 7.5 8.6 8.1 
479 8.3 9.5 9.5 8.6 8.6 10.0 8.0 9.5 9.8 8.8 8.6 
480 8.3 8.4 7.0 10.1 8.8 8.7 8.6 9.0 9.3 8.8 10.1 
481 8.9 9.2 9.1 9.8 7.1 9.7 10.0 8.6 8.6 8.7 7.3 
482 10.1 9.0 8.0 8.1 10.7 9.7 11.7 8.4 9.6 10.1 9.2 
483 7.5 10.3 8.8 9.5 11.2 9.9 7.0 9.6 7.8 10.2 8.6 
484 10.0 7.4 9.6 7.9 10.0 9.6 11.2 9.0 9.1 8.1 8.4 
485 10.7 7.1 8.5 8.9 8.9 8.9 9.9 9.5 11.3 9.0 10.1 
486 10.0 8.8 9.6 8.2 9.0 10.4 9.0 8.6 9.6 9.5 8.5 
487 8.4 7.9 8.4 7.9 8.1 7.6 9.5 8.2 9.0 9.1 9.9 
488 10.1 11.0 10.5 10.7 10.7 8.5 10.7 8.4 12.0 7.0 7.5 
489 8.0 9.1 9.7 10.3 7.9 9.5 9.4 8.4 8.6 9.5 8.6 
490 10.1 9.7 9.1 8.2 10.7 9.0 11.2 9.1 9.2 9.0 8.8 
491 7.5 10.9 8.7 7.7 10.5 10.2 9.2 8.0 8.7 8.7 9.7 
492 7.1 11.6 9.8 9.8 11.2 8.4 8.1 10.4 8.7 8.4 9.3 
493 9.6 9.0 9.8 8.7 9.6 10.6 7.9 8.7 9.9 10.9 9.2 
494 9.5 11.2 8.8 7.8 10.0 10.5 10.1 8.9 9.9 11.0 10.5 
495 10.3 10.6 9.2 8.9 9.6 10.2 10.4 9.6 8.8 10.8 9.4 
496 9.6 8.3 7.1 9.1 11.1 10.7 10.0 8.5 9.9 9.0 9.6 
497 10.3 8.7 9.7 10.3 10.0 9.9 9.6 9.4 8.2 8.7 11.8 
498 11.0 10.0 9.7 9.5 7.7 8.6 11.3 9.5 8.7 9.7 11.7 
499 6.2 4.5 4.6 4.6 5.3 6.0 4.3 4.6 5.4 4.8 4.2 
