0 6.0 5.9 4.5 4.9 4.8 4.5 4.8 4.4 4.7 6.3 5.1 
1 8.5 9.1 9.5 10.7 11.4 9.1 10.5 11.3 9.9 10.7 10.1 
2 9.8 10.1 9.7 10.3 9.7 10.5 10.1 9.9 9.3 10.0 10.5 
3 11.3 8.9 9.9 9.6 8.5 9.7 10.9 10.0 8.1 8.5 9.7 
4 11.1 7.9 9.5 9.9 8.9 8.2 10.5 11.5 9.6 9.2 11.0 
5 9.5 10.0 9.7 9.3 10.6 9.0 9.7 9.7 11.3 9.6 7.8 
6 8.7 8.3 10.0 8.2 8.8 9.1 10.5 10.7 10.4 8.0 8.9 
7 10.7 8.5 10.4 9.0 8.1 8.3 10.2 9.2 7.9 8.7 6.8 
8 8.8 8.1 9.2 8.0 9.0 10.5 8.7 9.9 9.3 9.8 9.1 
9 11.6 9.7 8.9 9.0 10.2 10.7 10.1 9.6 8.6 9.2 9.6 
10 9.9 9.3 8.6 9.3 7.3 9.2 9.9 7.0 8.7 9.0 8.9 
11 10.8 8.5 8.5 9.2 10.5 8.8 8.6 8.6 7.9 9.6 9.1 
12 9.5 8.9 9.5 10.7 10.4 9.5 9.4 9.7 9.3 9.7 8.8 
13 8.2 7.3 7.7 8.1 9.4 10.1 8.8 9.4 7.1 10.7 9.8 
14 9.5 10.3 7.6 8.3 8.9 9.7 8.0 7.9 9.3 11.1 7.8 
15 7.8 8.4 11.0 9.1 7.8 10.5 8.8 9.9 8.2 10.6 9.5 
16 7.4 9.1 7.5 8.6 10.1 9.0 8.9 9.0 10.1 7.9 9.6 
17 8.9 9.4 8.1 10.9 10.4 8.4 8.1 10.1 6.9 8.6 11.1 
18 9.3 7.8 10.4 8.3 9.2 8.9 9.5 8.7 7.4 9.3 9.9 
19 8.4 10.3 11.5 10.7 7.3 10.7 9.9 9.7 9.1 8.5 8.1 
20 7.7 9.7 9.4 10.4 9.0 9.0 9.5 8.6 7.8 9.6 10.1 
21 8.7 8.7 9.1 10.3 8.6 8.4 7.2 8.4 8.6 9.0 9.1 
22 8.6 9.2 10.2 11.0 9.1 8.0 9.8 8.6 7.7 8.9 9.1 
23 8.2 10.5 9.3 8.9 8.2 8.3 8.9 9.1 9.7 8.9 10.0 
24 9.4 9.3 8.9 10.1 10.0 8.7 6.5 7.9 8.9 10.0 9.5 
25 7.9 9.1 8.5 8.5 9.4 7.9 9.2 9.7 8.6 7.7 8.8 
26 8.4 9.2 10.1 8.2 10.1 8.8 8.6 8.6 8.1 8.6 8.8 
27 9.3 9.4 7.7 9.6 10.1 10.8 8.1 11.0 9.7 8.9 8.2 
28 9.6 8.8 9.3 9.2 9.3 7.8 9.7 8.9 8.3 9.8 10.9 
29 10.3 9.8 9.1 10.3 8.0 8.4 8.7 8.8 9.7 9.0 9.0 
30 7.9 8.2 9.6 9.4 9.8 9.2 9.1 10.7 9.3 9.4 7.8 
31 9.8 8.6 7.6 9.0 10.1 10.8 9.3 9.6 8.8 10.4 8.4 
32 9.1 8.2 9.9 9.3 8.3 7.9 8.5 9.6 10.2 8.0 9.6 
33 8.1 9.0 7.7 8.1 9.0 9.2 9.4 10.3 9.9 10.2 9.0 
34 9.4 7.4 7.5 9.2 9.8 9.7 8.7 9.1 10.3 10.2 8.9 
35 8.3 8.5 7.7 11.3 8.9 10.1 8.3 8.8 9.8 10.8 8.7 
36 9.0 7.8 10.0 10.2 9.4 9.9 10.7 10.2 8.8 9.2 9.4 
37 9.0 9.1 9.2 8.1 7.6 8.6 9.1 8.9 8.7 9.6 9.4 
38 9.6 9.5 8.8 10.2 8.9 9.8 9.3 7.9 7.7 9.9 9.1 
39 7.7 9.7 8.9 9.5 8.5 8.3 7.2 8.6 9.9 10.0 8.4 
40 10.0 8.7 7.6 8.8 8.8 9.6 10.5 8.5 9.4 10.8 11.0 
41 9.4 8.2 9.0 8.3 10.1 10.0 8.1 9.1 9.9 9.5 9.2 
42 9.0 9.4 10.5 6.0 9.3 7.7 7.7 8.9 10.9 10.1 7.8 
43 8.8 10.0 9.2 11.9 10.9 8.9 10.3 9.0 7.9 7.7 9.6 
44 10.8 9.7 7.3 7.8 7.1 7.4 9.5 8.9 8.5 8.5 8.3 
45 9.6 12.5 8.9 7.4 10.0 9.4 9.2 9.6 6.8 10.3 7.4 
46 10.6 9.7 9.5 7.6 8.6 9.5 10.4 10.7 9.3 9.6 9.0 
47 7.6 10.2 9.6 9.7 8.7 9.5 9.9 8.8 9.0 7.8 9.3 
48 8.4 8.4 8.0 7.8 10.6 8.9 8.7 10.5 9.4 7.5 9.7 
49 8.8 9.6 10.3 9.6 8.8 7.6 9.6 9.9 9.3 8.3 11.2 
50 7.3 8.0 8.1 8.3 9.1 9.0 10.9 8.7 8.5 8.2 8.5 
51 10.9 10.0 9.3 8.7 7.8 9.9 8.1 8.1 9.7 8.4 9.3 
52 8.8 11.2 11.3 8.0 9.8 8.1 9.6 9.6 7.4 8.7 9.6 
53 10.2 9.0 8.5 7.0 9.2 9.6 10.2 8.3 9.6 8.4 9.8 
54 7.3 9.7 10.0 8.3 8.2 9.5 10.1 9.4 8.9 11.3 8.6 
55 9.4 9.6 9.3 10.2 8.8 7.3 9.0 8.5 6.5 9.2 9.5 
56 8.1 9.4 9.9 8.0 7.7 9.0 8.8 8.1 9.4 10.2 8.0 
57 9.1 8.5 7.2 9.9 9.0 9.1 9.0 9.2 9.6 8.8 10.1 
58 10.0 8.7 9.7 10.4 7.2 10.2 10.8 9.5 8.9 9.0 8.5 
59 10.3 9.0 7.5 9.7 7.8 9.8 8.6 8.1 8.5 8.3 9.5 
60 9.5 9.5 9.1 9.3 10.4 10.5 9.9 8.2 8.3 7.8 8.5 
61 8.3 10.0 8.8 9.7 9.0 11.0 8.0 9.6 6.6 8.2 10.1 
62 9.8 8.8 9.6 8.6 9.5 9.3 8.7 7.9 9.8 8.0 11.2 
63 8.3 8.3 10.0 10.2 9.9 9.4 8.1 9.7 7.7 10.4 8.4 
64 10.3 8.5 10.5 8.0 7.6 9.1 8.9 8.7 8.1 7.2 8.7 
65 8.2 9.1 8.3 8.4 8.8 9.6 8.4 8.1 8.9 8.5 11.4 
66 8.4 9.3 8.5 8.4 9.8 9.3 8.9 8.3 9.4 9.6 9.9 
67 9.9 9.8 8.7 9.2 7.1 8.5 9.4 9.9 8.0 8.6 9.7 
68 9.2 9.5 8.1 9.4 9.0 9.7 9.2 8.9 9.2 8.3 9.0 
69 8.6 9.8 8.3 11.6 11.4 9.5 9.9 10.1 10.6 9.0 9.7 
70 10.5 10.4 8.2 10.2 8.3 10.2 12.0 8.7 8.3 9.2 10.4 
71 8.4 10.5 9.0 8.4 7.8 9.1 9.8 11.4 9.0 8.5 9.9 
72 9.7 9.3 9.5 8.8 9.2 8.4 9.9 8.3 8.9 10.4 8.9 
73 7.6 10.0 7.0 8.1 7.9 8.7 10.4 9.6 9.3 7.9 8.5 
74 10.4 9.0 9.0 8.7 7.9 7.4 9.4 7.7 7.5 7.7 10.0 
75 8.4 9.9 9.0 7.8 8.2 10.0 8.0 9.7 7.5 9.2 10.2 
76 8.4 7.3 10.6 8.8 9.0 9.0 10.5 8.4 9.5 9.4 12.2 
77 11.6 10.4 7.8 9.7 9.8 8.4 8.3 10.2 8.4 8.7 7.9 
78 8.0 9.7 7.8 9.5 10.4 8.4 9.9 8.5 9.2 8.7 7.2 
79 8.9 9.9 7.9 9.9 9.8 9.6 11.2 8.1 9.7 9.2 8.4 
80 9.7 8.1 8.7 9.0 9.0 8.5 9.1 10.7 9.6 9.7 9.4 
81 10.9 7.0 9.6 9.2 9.4 9.9 8.6 10.0 8.1 9.6 9.9 
82 11.0 9.2 9.9 7.8 8.2 7.5 8.4 10.8 8.0 6.8 8.4 
83 10.5 6.7 10.1 9.3 11.0 10.0 8.6 7.6 8.3 9.5 8.9 
84 10.4 8.7 10.2 9.7 8.1 10.9 7.2 10.0 8.6 8.7 10.0 
85 9.5 8.0 8.2 10.4 9.1 9.4 6.3 9.2 9.6 8.0 9.0 
86 8.9 8.8 9.0 9.6 7.9 7.5 9.8 10.5 7.7 8.5 9.4 
87 9.1 9.0 10.0 8.9 9.4 8.4 9.8 8.7 9.1 9.7 8.7 
88 9.2 9.0 8.7 8.6 8.8 9.0 9.4 9.7 9.7 9.8 8.4 
89 8.7 10.9 8.6 8.7 10.7 8.8 8.3 7.6 9.9 8.9 6.7 
90 10.4 9.5 9.8 9.7 8.7 9.6 9.2 8.4 10.0 8.1 9.3 
91 8.6 9.4 9.3 10.3 9.4 8.7 9.2 9.0 9.7 9.0 8.6 
92 7.6 10.8 9.3 11.8 8.9 8.9 8.9 8.4 8.9 9.4 9.8 
93 10.5 8.6 7.9 10.5 9.5 8.8 8.5 7.3 7.6 9.9 7.3 
94 8.9 9.1 8.8 8.3 7.9 10.6 11.8 9.4 9.1 9.8 8.8 
95 9.8 9.0 7.6 8.6 8.6 7.8 10.2 10.8 9.2 9.8 9.4 
96 9.3 7.7 9.5 8.4 8.4 7.9 8.9 10.0 9.6 7.4 8.3 
97 9.0 8.2 7.3 9.1 10.2 7.3 8.5 10.4 8.8 10.5 8.5 
98 8.9 8.5 9.9 10.8 9.8 9.5 10.5 8.7 8.8 9.6 8.5 
99 8.6 9.5 10.1 7.7 8.2 8.5 9.6 9.9 9.3 7.1 10.5 
100 9.7 7.6 7.2 9.3 9.5 9.6 8.9 8.8 10.3 10.3 7.7 
101 9.6 9.3 9.8 8.3 9.3 6.8 9.9 8.9 7.9 9.7 8.6 
102 9.5 9.7 8.1 9.3 8.6 10.4 10.9 8.1 10.6 8.1 9.4 
103 10.0 10.1 9.6 8.2 9.2 7.9 6.3 9.3 7.0 10.7 9.1 
104 9.4 8.4 8.1 8.8 8.8 9.5 8.7 8.9 9.9 10.9 11.2 
105 9.5 9.1 9.3 8.5 10.3 9.2 9.4 9.1 9.6 9.0 9.2 
106 9.3 9.5 8.9 9.2 9.0 8.2 9.7 8.3 9.5 10.7 9.9 
107 9.9 9.6 11.0 9.0 7.3 8.9 9.4 7.8 9.9 8.4 9.0 
108 6.8 10.0 9.3 10.2 8.8 7.9 9.7 9.0 9.2 7.9 8.1 
109 9.1 10.0 9.4 9.6 10.0 10.8 9.9 8.9 9.7 10.3 8.1 
110 9.9 9.5 9.7 8.8 10.3 9.9 10.6 9.3 8.1 9.7 10.2 
111 10.0 8.7 8.5 8.8 9.6 9.3 8.0 8.0 7.9 9.8 8.2 
112 9.7 8.4 9.1 8.3 11.5 7.9 9.4 9.7 6.6 9.5 10.0 
113 8.8 10.1 8.0 7.6 6.6 8.6 9.2 10.4 10.8 8.5 8.8 
114 8.5 8.6 9.1 9.6 9.1 7.6 9.7 9.4 9.1 6.7 10.7 
115 9.9 8.6 8.8 9.5 8.7 9.3 10.9 9.3 10.0 8.2 8.7 
116 9.0 9.4 8.8 9.1 8.0 9.0 8.6 9.4 7.9 8.1 8.6 
117 9.8 9.0 11.3 9.0 9.4 10.5 9.5 9.7 8.1 9.4 10.6 
118 8.0 9.2 9.1 8.0 10.0 8.8 8.3 7.7 9.3 7.5 9.1 
119 8.9 9.6 10.0 7.9 9.3 9.2 8.9 9.5 9.6 10.3 8.7 
120 8.6 9.7 10.0 8.5 10.3 7.1 9.3 8.3 8.3 10.1 10.1 
121 8.1 9.2 9.5 9.6 10.1 9.0 10.6 8.1 9.7 10.0 10.1 
122 10.6 9.3 8.3 9.6 8.5 8.5 7.5 9.4 8.1 8.0 10.3 
123 8.7 9.4 10.4 9.1 7.7 7.7 9.8 9.0 9.1 10.6 8.7 
124 9.9 8.8 8.0 8.8 9.7 9.6 9.6 8.8 7.8 8.3 8.2 
125 11.4 10.8 10.9 9.4 8.1 9.0 9.9 9.5 9.4 9.2 9.3 
126 9.0 9.3 9.9 9.0 9.5 10.1 10.8 9.1 8.2 9.0 8.4 
127 10.3 7.6 8.1 10.8 8.3 7.7 7.4 7.4 10.2 7.9 8.7 
128 8.1 10.1 8.4 8.4 10.0 9.0 7.9 9.6 10.3 9.7 8.2 
129 9.1 9.0 9.1 10.2 9.5 9.0 7.4 7.8 9.3 7.9 8.7 
130 9.4 9.1 9.5 7.8 8.3 8.2 8.8 9.6 8.8 7.9 8.2 
131 10.9 8.5 8.7 10.5 8.6 8.2 8.6 10.2 7.6 8.3 8.8 
132 9.7 9.5 11.6 9.9 7.9 8.5 9.0 10.8 10.0 10.2 9.3 
133 8.8 7.9 7.8 9.7 10.2 8.3 9.0 9.0 8.9 8.6 8.1 
134 9.3 8.1 8.6 9.1 10.0 9.6 9.2 10.0 7.7 9.0 9.3 
135 9.7 8.7 8.8 9.1 10.7 9.1 10.4 7.3 8.8 8.6 8.6 
136 9.0 8.1 8.9 9.8 9.9 9.7 8.3 10.3 9.8 8.5 6.6 
137 9.8 10.3 9.7 8.6 8.9 8.7 7.5 8.6 8.7 9.5 8.4 
138 9.2 7.5 9.5 8.2 10.6 8.6 9.1 9.2 11.1 8.1 9.1 
139 9.4 8.9 8.8 9.5 9.4 9.6 8.6 10.6 9.3 10.3 7.0 
140 10.1 7.9 9.1 8.8 8.0 10.1 9.7 8.8 9.2 9.6 9.1 
141 9.1 10.1 8.9 8.3 8.7 8.4 8.6 10.1 8.9 8.6 10.0 
142 9.9 9.1 6.9 8.3 8.8 9.3 9.4 8.0 9.1 7.8 8.3 
143 9.9 8.1 9.0 8.8 9.3 7.9 9.1 8.8 7.2 8.3 9.4 
144 8.7 10.0 8.6 8.4 7.4 8.7 7.6 9.2 10.3 10.5 9.1 
145 7.6 10.3 8.5 8.5 7.1 8.4 10.4 8.5 9.5 9.1 9.9 
146 9.1 8.9 8.5 8.2 8.5 8.8 8.2 9.8 7.9 8.0 10.2 
147 9.2 8.8 9.4 9.4 8.7 10.9 9.0 8.0 11.1 11.3 10.0 
148 8.7 11.0 9.4 10.3 9.3 7.6 8.8 8.3 9.3 8.4 9.0 
149 8.5 9.7 9.2 11.4 7.8 9.7 11.2 8.3 8.9 8.0 8.3 
150 9.0 9.6 8.9 8.1 9.1 9.3 8.5 9.5 9.3 11.1 10.3 
151 7.7 9.3 9.3 9.6 8.3 10.2 9.9 9.7 9.8 8.4 10.0 
152 10.0 10.2 9.2 9.4 9.0 9.3 9.9 10.2 9.1 9.0 8.0 
153 10.0 9.3 8.5 7.9 8.0 9.9 9.3 7.8 11.0 9.4 9.3 
154 9.0 11.0 9.5 8.7 8.8 9.7 8.8 8.8 9.8 9.8 8.4 
155 8.3 9.1 7.7 9.8 8.7 8.1 8.8 9.0 8.8 7.5 9.5 
156 8.9 8.6 8.7 8.9 9.7 9.5 11.3 7.8 9.4 8.3 10.1 
157 8.3 9.5 10.2 8.5 10.0 9.9 9.3 8.6 10.2 9.8 10.0 
158 9.2 10.0 8.8 9.9 10.1 10.8 10.2 8.5 10.5 7.7 9.4 
159 9.2 9.0 7.7 9.5 10.1 7.4 8.9 8.0 8.7 9.6 10.4 
160 10.7 9.0 8.7 9.4 8.3 8.7 7.9 7.1 7.5 8.3 9.1 
161 9.3 10.4 8.5 9.6 8.7 9.1 9.3 10.1 9.0 8.2 9.3 
162 9.5 10.5 9.6 9.4 9.4 9.2 7.5 8.8 12.0 8.5 8.5 
163 7.6 8.0 8.7 8.7 7.7 9.0 9.0 9.8 8.6 9.0 9.4 
164 8.6 11.0 9.1 7.9 8.8 9.0 7.2 9.2 8.2 9.4 8.2 
165 9.6 7.8 9.5 8.7 8.3 8.0 8.2 10.9 9.1 9.3 7.8 
166 10.9 9.1 8.4 9.9 8.6 9.9 10.0 7.9 8.3 9.0 8.8 
167 8.1 9.4 9.6 8.3 9.7 11.1 11.6 9.0 7.7 8.7 8.5 
168 9.1 8.9 9.3 10.1 8.4 8.8 8.6 9.4 10.0 8.2 8.5 
169 7.7 9.3 11.0 8.2 9.3 9.2 10.5 10.2 8.6 11.5 8.3 
170 7.7 8.5 9.3 9.8 8.5 8.5 9.8 8.7 9.3 7.8 10.5 
171 7.4 10.1 8.9 8.5 7.9 9.9 9.4 10.0 8.9 8.6 10.1 
172 8.2 10.8 8.7 7.7 10.2 8.5 7.6 9.7 10.1 9.3 8.5 
173 9.6 10.0 9.2 8.5 9.2 8.4 9.1 10.6 7.8 9.5 10.1 
174 8.1 10.3 11.0 9.4 8.4 8.4 10.0 9.1 8.7 8.2 9.3 
175 8.3 10.1 9.8 8.8 9.4 8.0 7.9 10.0 9.2 10.6 9.7 
176 9.0 9.6 9.7 9.5 9.1 11.2 8.1 8.4 10.4 9.3 9.6 
177 8.2 7.6 8.5 10.6 10.3 10.8 7.2 7.3 8.3 9.1 9.6 
178 9.4 9.0 9.0 8.8 10.1 10.1 8.9 7.8 7.8 8.0 9.7 
179 9.1 10.6 10.2 7.7 7.5 8.3 10.2 8.5 8.8 9.8 7.8 
180 8.5 7.8 8.2 8.9 8.5 9.5 9.0 7.3 8.7 9.2 7.6 
181 9.0 8.0 8.4 8.2 9.9 8.4 11.3 8.9 9.3 8.3 7.9 
182 8.7 9.8 7.4 10.3 7.6 10.4 8.3 9.3 9.6 8.6 9.8 
183 10.9 8.9 8.4 7.8 9.8 8.5 8.3 10.4 9.8 8.1 9.6 
184 8.3 9.7 8.7 9.3 9.2 7.9 8.1 10.2 8.9 6.9 9.2 
185 9.2 8.0 9.3 10.5 9.7 9.8 8.6 9.1 8.6 8.9 9.3 
186 9.2 7.8 7.7 9.8 11.5 9.0 10.0 9.1 9.2 10.0 9.2 
187 8.9 10.3 9.6 9.7 10.1 8.9 9.3 8.3 10.9 7.5 7.3 
188 10.8 10.2 9.8 10.7 8.2 8.8 9.5 8.9 8.1 9.8 8.3 
189 9.0 9.1 8.9 9.4 9.8 10.4 10.4 8.3 7.5 11.0 9.0 
190 7.8 9.1 9.8 9.7 10.8 8.5 9.4 9.5 9.5 9.4 7.6 
191 9.7 9.9 6.7 9.1 9.0 8.4 9.4 6.9 10.5 9.2 9.8 
192 8.8 8.4 10.8 8.3 10.5 10.7 8.1 8.7 8.3 9.3 7.9 
193 10.1 10.9 9.0 9.4 8.9 11.4 9.4 8.5 7.2 9.9 9.4 
194 9.1 9.2 8.8 8.7 8.7 10.1 8.6 9.7 9.5 7.3 9.5 
195 9.2 11.1 8.4 9.8 10.7 8.9 7.9 10.0 9.2 6.8 8.2 
196 9.6 9.8 10.0 10.8 8.5 10.9 9.1 9.7 9.3 9.1 9.3 
197 9.3 9.4 7.3 8.1 9.5 9.4 9.0 10.8 9.4 9.5 10.1 
198 10.4 9.3 8.8 8.4 8.8 7.8 7.4 9.2 8.5 9.9 10.4 
199 10.2 8.4 9.1 10.2 8.0 8.1 8.6 7.6 9.1 10.4 8.6 
200 9.0 8.3 9.8 9.0 9.7 10.8 8.3 8.9 9.5 9.6 10.9 
201 9.4 9.5 9.2 8.4 8.5 9.2 9.2 8.9 8.1 9.7 8.4 
202 8.1 7.6 9.4 8.6 9.9 9.1 9.4 9.3 8.9 10.2 8.8 
203 9.5 10.9 10.0 8.5 9.4 8.0 9.1 9.4 9.8 6.8 10.3 
204 8.5 11.1 8.3 8.4 8.4 10.8 8.8 9.4 6.7 10.4 8.7 
205 8.3 8.2 9.6 10.3 8.9 8.6 8.5 8.4 8.5 6.7 9.0 
206 9.7 8.5 11.5 11.1 8.8 9.4 8.2 9.5 9.0 9.0 9.4 
207 7.2 9.9 8.9 7.7 9.9 10.5 9.0 8.6 9.7 10.1 9.6 
208 8.8 10.3 9.8 8.2 8.9 10.5 8.7 8.4 9.9 7.9 9.4 
209 8.4 8.0 8.6 8.5 8.9 8.8 8.9 9.7 8.5 8.8 10.2 
210 8.6 9.6 11.1 9.9 9.0 7.3 9.5 7.7 10.5 9.1 8.8 
211 9.1 7.9 9.1 7.8 9.6 8.0 8.9 8.6 7.8 9.9 8.0 
212 11.8 7.6 9.3 9.1 8.3 7.7 7.3 9.6 8.6 8.6 8.7 
213 9.9 9.3 8.6 9.0 6.5 10.3 9.0 8.7 7.3 9.1 8.7 
214 7.9 9.1 8.4 9.3 11.5 8.8 8.4 7.6 9.8 9.3 9.2 
215 8.3 10.5 10.7 8.0 9.6 10.7 9.8 9.6 8.4 8.6 8.2 
216 8.2 8.5 8.0 8.5 10.0 8.6 9.6 8.7 8.8 8.7 8.6 
217 8.9 9.1 10.6 8.8 10.1 9.1 9.7 9.5 9.2 10.3 8.3 
218 9.6 6.8 9.1 9.4 9.4 10.2 9.0 10.5 8.5 10.0 9.6 
219 9.4 7.1 9.5 8.4 10.0 8.5 10.3 10.6 8.1 8.0 8.3 
220 9.4 9.4 8.1 10.3 8.7 8.5 10.1 9.4 9.1 9.2 9.2 
221 9.3 8.4 9.3 11.3 8.1 9.0 8.3 9.7 8.1 11.2 8.6 
222 9.1 9.8 7.9 10.2 8.3 10.3 8.7 8.6 9.3 8.3 9.2 
223 8.8 8.4 9.0 7.7 8.6 8.9 10.2 8.0 8.3 9.7 8.3 
224 10.6 9.4 7.6 8.7 9.8 10.0 8.4 8.5 8.6 7.9 8.9 
225 11.0 8.3 10.0 8.7 7.9 8.9 8.6 8.6 8.7 9.1 9.8 
226 10.7 9.4 8.2 8.3 9.0 8.3 8.5 8.8 9.1 8.0 9.7 
227 8.3 8.4 9.3 9.4 8.9 9.0 8.3 8.6 10.2 10.7 10.5 
228 8.9 10.1 8.5 8.7 8.8 8.5 7.9 8.8 8.8 8.3 8.6 
229 9.6 9.9 8.0 10.4 7.9 8.8 10.0 9.0 10.7 7.5 9.2 
230 7.9 11.5 9.8 8.9 10.3 9.2 12.0 9.5 11.0 7.6 9.4 
231 9.7 9.4 9.0 7.7 8.9 9.8 9.7 9.6 8.0 8.6 10.4 
232 10.0 8.1 10.6 8.7 9.2 9.6 9.6 8.7 7.8 9.9 10.0 
233 9.5 9.6 9.1 9.5 8.9 8.5 8.7 10.7 9.5 10.1 8.4 
234 10.0 10.0 9.2 9.2 8.9 9.8 10.1 8.8 8.7 9.6 10.4 
235 9.6 7.7 10.3 9.7 7.2 8.5 8.8 9.2 10.8 8.8 10.1 
236 9.5 10.1 9.1 8.2 7.8 9.0 8.3 6.8 9.1 8.3 8.4 
237 8.3 9.1 9.3 10.4 9.9 7.9 9.2 10.8 9.3 7.5 8.5 
238 8.8 9.3 8.6 7.4 9.3 8.2 11.3 9.1 9.8 9.3 9.5 
239 9.5 8.4 10.3 8.0 9.6 9.2 11.6 10.9 8.2 7.7 9.2 
240 10.8 10.1 10.3 8.6 9.9 8.9 9.6 9.2 9.0 10.1 7.4 
241 7.1 9.1 8.4 10.2 9.8 8.9 7.4 11.2 9.6 8.9 10.6 
242 10.0 9.1 9.3 10.6 10.4 8.8 8.2 8.2 9.3 7.5 8.0 
243 8.0 9.9 8.8 7.4 8.7 6.9 9.1 8.1 9.0 7.3 9.3 
244 7.4 7.4 9.0 9.3 9.9 9.1 7.6 9.4 8.5 10.1 10.4 
245 8.7 8.7 9.1 8.5 9.8 8.7 7.5 8.9 10.7 10.3 8.6 
246 10.2 8.6 8.1 9.5 7.8 9.4 8.4 9.4 7.8 11.1 8.9 
247 9.2 8.5 8.4 9.4 9.8 10.5 8.3 9.6 10.2 10.2 7.5 
248 8.0 9.5 8.7 5.9 8.9 11.1 8.7 9.4 9.9 8.3 9.6 
249 9.9 10.4 10.1 8.1 9.4 8.3 8.4 8.1 10.6 9.8 8.2 
250 8.3 7.9 7.6 10.5 8.5 9.4 8.7 7.6 7.6 8.7 9.0 
251 7.9 9.8 9.6 8.8 9.6 9.2 8.1 9.2 9.0 10.3 10.5 
252 8.8 9.6 7.1 7.0 9.0 8.4 7.1 9.4 7.8 8.5 9.9 
253 6.8 9.4 9.4 10.0 7.9 8.6 8.2 8.8 8.9 8.8 9.5 
254 8.5 8.9 11.0 9.2 8.7 10.2 10.6 10.9 9.0 8.6 8.9 
255 8.2 8.4 8.6 10.8 8.6 9.0 8.8 8.0 11.0 9.0 9.1 
256 9.2 9.7 7.6 8.8 9.4 8.4 10.6 6.9 10.3 9.8 11.7 
257 9.9 10.2 8.3 10.6 6.7 10.3 8.7 9.8 8.5 9.4 9.3 
258 8.7 11.0 10.2 8.5 9.0 8.8 8.7 7.7 9.6 9.7 9.5 
259 7.8 9.1 8.6 8.7 8.5 9.0 9.6 8.8 9.8 10.3 7.3 
260 9.1 9.6 8.1 10.1 9.6 8.4 8.7 9.7 10.9 10.2 8.7 
261 7.5 10.4 10.1 10.5 8.7 9.9 9.3 9.0 10.0 9.4 8.8 
262 8.3 9.3 8.9 9.2 9.8 9.7 9.7 9.9 9.4 8.8 9.7 
263 8.4 9.5 8.2 8.9 7.6 10.1 8.6 8.7 8.4 9.0 9.6 
264 10.0 9.4 8.7 9.4 9.3 8.6 10.5 8.1 9.8 9.7 7.3 
265 8.3 8.6 9.4 9.0 8.5 10.4 8.2 9.6 9.5 9.7 8.8 
266 10.0 10.2 7.0 9.3 7.1 9.5 9.6 10.0 8.8 9.9 9.7 
267 10.6 8.9 8.5 8.5 10.9 8.5 7.6 8.8 8.0 9.1 8.4 
268 9.0 8.0 8.5 10.1 7.3 9.6 8.1 9.5 7.4 8.5 10.1 
269 10.3 8.9 9.4 9.1 8.5 8.7 10.2 9.2 8.0 10.4 9.1 
270 8.5 10.1 9.1 9.0 8.3 9.0 7.5 7.5 10.7 9.7 9.8 
271 9.2 9.4 9.2 10.0 10.4 8.1 10.2 9.5 6.7 9.9 9.7 
272 11.3 8.0 8.6 9.6 8.0 9.5 10.3 8.7 8.8 7.7 10.0 
273 11.4 9.1 8.8 9.7 9.2 9.8 9.6 9.1 9.5 9.4 9.6 
274 9.7 9.0 8.9 8.8 9.7 8.1 8.2 7.1 10.7 6.9 8.2 
275 6.9 8.4 9.2 9.3 9.5 9.1 8.5 9.2 10.3 10.5 8.2 
276 9.8 9.5 8.5 9.6 9.5 10.0 9.2 9.3 8.3 9.4 9.7 
277 9.3 10.4 9.1 8.5 9.3 10.1 7.4 10.5 9.3 8.5 7.3 
278 7.1 8.1 11.1 8.5 9.5 9.4 8.5 8.6 7.2 9.3 9.1 
279 9.3 8.7 7.6 9.3 9.7 11.4 10.2 7.9 9.3 9.8 9.3 
280 8.5 10.4 8.6 12.6 8.9 8.4 7.8 8.3 9.3 8.8 10.9 
281 8.3 7.1 8.1 7.9 10.2 8.2 9.8 10.0 9.4 11.1 9.1 
282 8.4 8.6 10.9 8.0 9.2 8.3 9.4 12.3 8.4 8.5 10.9 
283 8.1 8.8 8.9 9.2 8.4 9.4 6.9 8.8 9.2 9.5 9.6 
284 10.7 8.9 8.8 8.1 8.7 7.1 8.6 9.3 6.7 8.3 8.3 
285 7.5 10.7 9.4 10.4 8.9 11.3 8.3 9.5 8.0 9.9 8.8 
286 9.6 7.8 9.5 9.5 8.2 7.7 8.1 8.9 8.9 7.4 8.8 
287 9.1 9.8 9.1 9.9 8.9 10.2 9.2 9.8 10.1 8.3 9.7 
288 9.0 7.5 9.2 7.5 9.2 8.1 8.8 10.5 9.6 10.4 8.3 
289 9.3 9.0 9.1 8.7 8.5 9.1 9.1 8.1 11.0 7.0 7.9 
290 11.0 10.4 10.8 9.7 8.8 8.9 9.2 9.5 10.7 10.3 10.0 
291 10.9 8.9 9.2 9.7 9.9 7.6 8.2 8.4 8.4 10.8 9.9 
292 9.1 11.3 8.4 8.4 8.4 9.6 8.2 9.5 9.7 7.8 9.8 
293 8.4 8.7 9.2 11.6 8.5 8.1 10.3 8.2 8.6 8.6 8.6 
294 10.7 8.2 9.1 12.3 6.9 9.5 8.9 9.5 9.2 8.9 9.3 
295 10.5 9.1 9.9 7.6 8.7 7.2 9.9 10.0 8.6 8.0 8.7 
296 9.6 10.2 9.9 8.2 8.3 8.2 10.0 9.1 9.1 10.2 9.4 
297 8.5 9.4 9.4 8.7 8.7 10.2 9.0 8.2 10.2 8.1 9.9 
298 8.1 8.8 8.8 9.5 9.0 9.9 8.0 7.5 9.6 7.9 9.2 
299 8.6 8.6 8.9 10.2 7.9 8.3 9.9 9.5 8.9 8.5 9.0 
300 9.6 8.5 9.0 8.5 8.3 8.6 10.6 11.0 7.8 9.0 9.5 
301 8.9 9.9 7.9 8.2 9.2 9.6 10.1 10.4 9.7 9.0 10.0 
302 10.3 9.3 8.4 8.2 8.2 8.7 10.1 10.5 8.1 8.6 8.7 
303 8.0 8.0 9.2 8.3 9.5 9.3 9.4 8.5 8.9 9.1 8.7 
304 9.5 8.9 7.5 9.4 10.0 8.9 8.4 10.3 8.4 8.6 9.6 
305 8.0 9.2 9.6 8.9 8.5 9.5 7.4 10.3 9.7 8.3 9.7 
306 10.1 9.2 8.4 9.4 7.7 8.7 10.0 8.1 8.2 8.2 6.9 
307 8.9 8.1 9.6 9.8 7.5 10.1 8.2 6.8 8.9 10.8 8.5 
308 9.3 8.7 10.5 9.5 10.5 10.0 8.5 9.7 11.1 8.7 8.5 
309 9.0 9.7 8.5 8.6 10.1 8.2 9.7 9.2 8.8 8.6 8.8 
310 8.1 8.9 8.6 9.4 7.9 7.0 8.7 7.7 8.0 8.8 10.0 
311 9.1 7.5 8.2 8.9 10.3 13.5 9.0 9.0 10.2 10.5 9.6 
312 11.2 9.2 11.3 7.8 9.3 10.3 8.6 8.5 9.1 8.8 8.9 
313 7.8 7.6 10.0 8.4 10.8 7.3 10.3 8.6 12.1 7.4 8.9 
314 7.8 9.0 9.9 8.7 8.6 8.5 8.1 9.5 10.3 9.2 8.4 
315 10.0 10.4 8.7 9.3 9.3 8.2 9.4 10.8 10.5 7.9 8.3 
316 8.8 8.5 9.8 8.9 9.6 10.1 10.7 10.1 9.6 9.0 8.3 
317 8.1 9.2 7.8 8.0 8.4 10.4 10.6 10.4 10.9 9.9 8.4 
318 9.3 10.6 8.8 8.4 9.6 8.0 8.0 7.9 8.9 11.5 8.7 
319 8.3 8.3 10.6 8.8 8.8 8.2 10.5 8.6 8.8 10.1 10.0 
320 6.6 7.9 8.7 9.7 8.8 7.3 8.6 9.3 8.3 9.3 8.3 
321 9.5 9.7 11.0 9.5 8.7 9.0 8.5 9.8 10.1 9.9 9.9 
322 9.0 9.0 9.1 9.0 9.2 9.3 10.6 9.4 8.4 9.0 10.3 
323 7.2 9.3 9.4 9.2 8.7 8.4 11.3 10.2 10.2 9.1 8.0 
324 8.9 8.9 9.7 8.8 8.6 8.1 9.7 9.4 7.9 9.6 8.7 
325 8.5 8.7 12.0 9.1 8.3 10.1 9.0 7.3 9.8 9.4 8.8 
326 8.0 8.2 8.1 8.3 9.3 7.4 8.6 8.9 8.9 9.3 9.6 
327 10.7 8.8 9.4 9.8 9.6 10.2 9.3 9.3 8.4 9.5 8.5 
328 10.3 9.5 10.5 9.4 8.6 9.6 7.8 9.8 7.4 8.5 7.3 
329 11.0 9.2 10.2 9.6 9.2 8.8 9.7 10.8 8.1 8.6 9.5 
330 9.3 7.2 7.7 9.3 7.1 10.2 9.2 9.8 8.6 8.1 8.1 
331 9.4 8.1 7.6 10.2 6.7 9.1 8.2 8.3 7.2 9.4 10.2 
332 9.3 9.0 8.7 10.2 10.3 7.6 8.2 9.0 9.0 10.9 7.5 
333 8.5 9.6 8.4 9.2 9.2 10.3 8.4 8.9 9.1 9.0 8.3 
334 10.6 11.6 8.5 7.3 8.8 9.6 9.3 9.2 9.1 12.6 9.6 
335 10.2 8.8 9.4 6.7 9.9 10.2 8.7 8.9 9.1 9.2 8.4 
336 10.0 10.0 7.8 9.1 8.7 8.8 11.7 9.3 8.8 9.3 8.9 
337 8.1 9.8 9.1 10.8 9.8 10.0 7.2 9.7 8.7 8.7 10.0 
338 9.2 10.6 8.3 8.8 8.5 8.7 9.5 10.0 9.7 10.0 9.0 
339 7.6 8.2 8.7 8.7 10.9 7.9 7.9 9.5 9.1 10.2 9.7 
340 9.9 9.2 9.1 9.0 8.8 8.6 9.6 9.7 9.1 7.3 9.4 
341 8.6 7.9 8.6 8.5 8.3 8.3 8.8 7.6 10.4 9.4 8.4 
342 9.3 9.2 8.6 9.5 7.7 8.5 9.1 7.2 9.2 9.0 7.6 
343 9.3 10.7 8.5 9.0 9.8 9.2 9.5 9.1 9.6 8.8 9.4 
344 9.9 10.8 7.8 8.4 8.8 8.9 10.0 9.6 9.3 10.3 7.7 
345 11.5 9.5 8.8 11.1 9.4 9.0 8.8 7.8 10.2 7.4 9.9 
346 10.3 8.6 10.6 7.8 9.3 7.1 9.2 8.0 9.9 8.6 8.2 
347 8.7 8.1 10.1 12.3 8.6 8.6 8.7 8.2 8.5 9.1 8.8 
348 9.4 8.0 9.2 8.9 9.5 10.3 9.5 8.9 9.2 8.8 10.4 
349 8.2 10.0 7.2 7.7 8.2 9.8 9.6 9.2 9.2 10.5 9.5 
350 10.1 9.8 8.8 7.9 8.9 8.9 9.4 9.4 9.9 9.5 10.3 
351 8.5 8.8 8.0 10.1 9.4 8.4 8.7 9.5 10.1 11.7 9.3 
352 9.1 7.6 10.9 8.5 10.4 10.7 11.3 8.9 8.6 8.8 7.8 
353 9.2 10.2 7.9 8.7 8.9 10.6 7.8 8.7 8.5 9.3 9.9 
354 7.8 12.2 8.8 7.5 10.0 9.2 9.2 8.1 11.0 9.1 10.3 
355 9.2 9.3 10.1 9.8 9.2 8.2 7.6 8.7 10.3 9.0 8.9 
356 10.9 7.0 9.5 8.0 9.1 8.5 9.6 7.8 9.5 9.3 8.7 
357 10.5 8.4 8.8 10.8 10.4 9.0 9.3 8.4 8.3 9.1 8.0 
358 9.8 8.5 8.9 8.5 10.7 8.7 8.4 10.0 8.5 9.3 8.7 
359 8.2 10.4 8.4 8.7 9.8 9.4 9.5 9.2 8.9 8.4 9.7 
360 8.8 8.7 7.0 10.3 8.8 9.3 7.7 8.3 8.6 9.3 10.2 
361 9.1 9.6 7.3 9.0 8.3 9.1 8.9 8.9 9.2 9.4 8.9 
362 9.3 9.6 9.9 10.1 8.4 7.9 8.6 7.7 7.6 8.5 8.8 
363 9.3 8.3 8.7 8.7 7.5 9.4 9.2 9.6 9.8 9.6 8.5 
364 9.9 8.8 8.3 9.1 8.6 8.6 9.4 8.7 8.6 7.9 10.3 
365 9.2 9.9 10.1 7.6 8.7 9.7 10.3 9.4 8.9 8.4 8.8 
366 8.4 9.1 10.5 10.0 9.0 7.6 9.0 7.9 10.3 10.0 8.1 
367 8.8 7.8 9.2 7.2 8.9 9.3 7.8 10.6 8.7 8.2 7.4 
368 10.4 9.5 7.0 11.1 9.5 7.9 8.5 8.7 10.9 9.2 9.6 
369 9.6 8.4 9.8 9.0 9.2 9.5 8.7 8.9 9.2 9.4 8.1 
370 10.2 9.0 8.8 8.7 9.4 9.3 8.4 8.1 9.0 10.6 9.1 
371 10.0 8.8 9.7 9.3 9.2 8.9 11.2 9.2 8.8 9.5 6.8 
372 8.5 9.2 10.5 10.3 9.4 8.2 7.8 10.9 9.0 9.3 7.3 
373 11.0 9.6 9.4 9.0 8.1 9.4 8.1 10.2 7.6 8.9 9.0 
374 10.9 8.3 9.7 8.6 8.5 8.5 7.7 8.9 8.7 9.2 8.5 
375 8.5 8.9 9.9 9.0 8.7 9.1 8.7 9.0 8.4 10.4 8.8 
376 12.0 8.9 9.7 9.9 9.0 9.8 8.5 8.6 9.1 9.1 10.1 
377 10.9 8.6 7.2 8.2 8.4 8.8 8.6 9.7 9.8 9.4 9.0 
378 7.7 8.2 10.1 9.8 7.1 9.6 8.0 8.5 7.9 10.2 10.9 
379 10.2 9.2 8.4 8.6 9.4 8.3 9.0 9.0 8.9 8.6 8.3 
380 10.4 7.3 9.2 7.1 8.2 10.2 10.5 9.4 10.3 11.6 8.6 
381 9.3 9.1 9.8 8.4 8.9 9.4 9.2 9.4 9.0 10.7 8.1 
382 9.3 10.1 8.7 7.9 9.8 9.8 7.5 8.9 10.8 8.3 9.2 
383 9.8 9.0 9.9 8.8 8.9 10.2 8.0 8.7 9.9 9.4 9.0 
384 7.8 8.6 8.7 10.9 8.1 8.7 9.0 10.2 8.7 8.5 9.1 
385 8.8 9.1 9.4 10.6 9.6 8.0 8.1 9.4 8.2 10.1 9.1 
386 10.9 7.5 6.2 8.9 7.2 9.9 10.4 8.0 10.1 10.5 10.7 
387 9.9 8.3 8.5 7.1 8.6 9.9 8.8 9.4 9.8 8.9 10.3 
388 7.8 10.1 9.0 10.0 10.8 9.4 6.5 9.9 8.2 8.9 8.0 
389 7.8 9.7 8.5 10.2 10.6 8.8 10.6 10.8 7.7 9.1 9.5 
390 8.4 9.6 7.6 8.7 8.9 8.4 9.7 9.3 8.9 9.2 8.5 
391 8.9 9.0 9.4 9.9 10.5 8.8 10.1 7.9 10.2 10.1 9.3 
392 8.8 9.5 9.6 9.7 10.0 10.3 9.1 9.7 9.0 9.0 9.0 
393 8.6 10.1 8.7 9.4 10.0 9.5 9.1 8.7 9.1 8.7 9.0 
394 9.9 8.4 8.8 9.2 10.4 9.4 9.1 10.4 8.2 8.4 9.2 
395 10.6 9.4 7.6 10.6 8.9 10.8 8.0 8.2 8.9 10.2 9.5 
396 9.8 7.6 8.7 10.4 9.9 8.8 9.2 10.1 6.1 9.5 8.1 
397 7.8 9.3 9.1 9.4 9.6 9.2 8.3 8.8 10.0 8.6 9.7 
398 9.5 9.8 7.8 10.0 10.0 10.6 10.5 8.5 8.4 8.7 8.7 
399 6.1 8.3 6.5 9.1 9.8 8.8 8.6 9.4 8.4 8.8 8.5 
400 8.7 10.0 9.1 8.6 9.9 8.8 8.6 8.1 9.0 9.7 11.1 
401 9.7 9.3 9.1 10.1 10.7 9.7 9.1 7.8 8.3 7.7 10.0 
402 8.2 9.7 8.4 8.7 7.1 10.5 7.9 9.1 9.4 7.3 9.6 
403 10.4 9.2 9.9 9.5 8.1 9.5 8.0 8.9 8.3 8.9 9.2 
404 9.2 10.0 8.8 9.2 7.8 9.9 7.9 10.1 10.0 9.7 8.7 
405 8.2 9.3 8.9 10.1 10.2 10.0 9.0 10.7 10.5 9.4 8.4 
406 10.4 9.4 8.9 8.2 11.3 10.9 8.5 9.4 8.4 8.9 8.4 
407 8.5 8.9 9.4 6.9 8.0 8.7 9.1 8.1 10.7 9.3 9.9 
408 9.2 7.9 9.3 9.2 7.6 7.7 9.3 9.5 9.9 9.1 7.6 
409 8.3 6.6 7.9 10.0 8.5 9.3 8.6 8.2 7.2 8.2 9.4 
410 9.7 9.0 10.0 9.6 8.8 8.7 10.1 8.9 10.3 10.1 9.1 
411 10.2 10.1 8.2 8.6 9.7 8.6 9.4 8.5 8.5 9.3 10.3 
412 7.9 8.8 8.4 10.2 8.2 10.2 9.7 7.8 7.8 9.2 9.8 
413 8.1 9.8 9.0 9.1 7.9 9.9 9.7 8.6 9.5 10.1 10.9 
414 8.5 7.8 8.8 9.6 9.5 7.8 9.0 8.9 9.3 8.9 10.6 
415 8.1 9.7 8.4 9.5 7.8 9.9 8.1 9.7 8.5 8.4 10.2 
416 8.7 9.3 9.0 8.5 8.7 9.7 8.6 9.5 7.5 9.3 9.4 
417 10.0 11.2 7.6 9.1 7.8 9.7 9.1 8.8 10.7 10.6 8.6 
418 8.1 11.3 8.7 8.4 8.3 7.9 7.9 7.8 10.8 11.1 10.6 
419 9.8 8.2 8.9 10.0 9.1 9.2 7.8 9.2 8.9 8.8 9.7 
420 10.4 9.3 8.0 9.3 11.0 7.5 8.6 8.8 7.9 9.7 9.3 
421 9.9 9.0 8.6 8.3 8.0 8.7 12.0 8.5 8.9 10.2 8.7 
422 11.5 9.5 10.7 8.8 8.1 9.7 9.9 7.2 7.7 9.8 9.3 
423 9.1 9.8 8.3 10.1 8.0 10.9 10.1 9.2 8.2 8.0 8.2 
424 9.5 11.0 8.3 7.9 8.6 10.3 8.0 7.9 9.8 8.4 7.6 
425 9.9 9.1 9.4 10.3 7.9 9.1 7.4 10.0 8.8 9.1 9.6 
426 11.6 10.6 9.5 9.6 8.0 8.4 8.2 7.6 8.3 9.1 9.3 
427 8.7 10.3 9.3 8.4 8.4 9.2 9.0 11.2 10.2 8.8 8.2 
428 9.4 8.2 8.0 9.8 9.0 9.6 8.4 9.3 9.4 9.1 9.3 
429 9.3 9.1 9.3 8.8 10.9 10.3 9.8 9.4 9.3 8.0 8.6 
430 9.0 10.0 8.7 9.8 8.5 10.3 7.9 9.2 7.8 8.1 9.0 
431 10.3 7.9 8.8 9.3 9.7 8.2 7.9 9.2 9.6 7.1 7.9 
432 10.8 9.2 9.3 8.9 9.5 9.3 10.5 10.7 8.0 9.7 10.8 
433 8.9 6.5 7.8 8.1 9.3 9.7 8.9 8.0 8.6 10.4 9.4 
434 10.0 8.6 8.0 9.6 8.9 8.8 8.0 9.3 9.5 7.3 11.2 
435 9.7 9.0 7.5 8.7 10.3 9.0 10.6 9.8 8.0 9.9 8.4 
436 8.5 8.6 8.9 8.9 7.8 9.8 7.1 9.6 8.0 10.0 11.7 
437 8.9 10.0 8.2 8.9 9.1 8.7 9.1 9.4 9.2 9.1 8.4 
438 8.0 9.4 8.3 8.1 8.9 8.2 8.6 8.0 10.6 9.5 8.3 
439 8.7 8.9 8.8 9.5 9.1 10.3 8.8 7.9 10.3 8.8 9.7 
440 8.7 8.0 8.2 8.7 9.5 8.9 10.0 8.6 7.4 10.0 8.7 
441 8.2 9.4 11.2 8.8 9.6 10.2 7.4 8.0 9.1 9.8 9.8 
442 10.9 8.2 9.4 8.5 9.3 9.0 8.4 9.2 9.8 9.4 8.6 
443 9.8 10.2 11.1 9.0 8.0 7.6 8.3 9.5 8.0 7.8 8.8 
444 9.8 9.8 8.2 8.5 9.1 8.7 8.5 9.4 10.8 10.4 9.9 
445 10.0 10.1 7.5 10.8 8.8 7.8 9.9 8.4 9.3 8.3 10.9 
446 9.0 9.3 9.8 8.9 7.3 9.9 8.8 8.8 7.1 10.4 9.1 
447 9.6 8.9 8.6 9.2 8.6 9.5 8.4 9.9 8.8 10.0 10.4 
448 8.4 9.8 8.8 10.4 9.8 9.7 9.0 8.2 8.6 7.9 9.6 
449 9.9 8.4 9.8 9.5 10.9 10.1 10.9 9.9 7.5 10.1 10.3 
450 7.4 9.6 7.0 9.2 9.4 8.7 8.7 8.9 9.0 8.1 10.3 
451 7.3 9.3 9.0 10.0 8.9 9.6 9.9 9.4 7.4 8.7 10.1 
452 9.3 9.1 9.6 8.3 9.3 9.3 8.6 7.9 8.3 8.0 9.1 
453 8.8 9.0 8.8 11.1 10.2 9.5 9.4 9.2 10.4 9.4 8.5 
454 8.2 7.7 8.7 8.9 9.4 9.2 9.1 9.2 9.2 9.0 9.3 
455 9.8 8.7 9.0 7.9 10.5 9.7 8.7 8.5 11.7 9.6 8.4 
456 8.7 9.3 10.6 8.1 8.8 9.2 7.7 10.0 9.7 9.0 8.8 
457 7.6 9.1 6.5 8.9 10.3 9.7 8.9 9.8 9.9 8.9 9.4 
458 10.5 9.1 9.5 11.8 8.3 7.4 10.9 8.8 7.7 7.9 9.2 
459 9.2 9.2 8.5 9.4 8.6 9.5 8.0 7.3 8.8 10.1 9.0 
460 9.0 9.2 8.6 8.4 7.2 7.0 8.5 9.3 10.3 9.7 10.1 
461 8.2 9.4 10.4 8.6 10.5 9.2 9.0 9.9 10.0 9.1 9.9 
462 8.2 9.4 8.6 9.7 11.5 8.4 8.2 8.2 10.0 8.2 10.0 
463 8.6 7.5 9.1 7.6 8.9 10.7 8.4 10.1 8.5 9.7 8.5 
464 8.1 9.0 8.5 10.0 8.8 11.3 9.4 8.7 8.4 10.4 8.4 
465 6.7 7.8 8.8 11.2 10.4 6.6 8.9 10.6 9.5 10.4 10.4 
466 10.1 9.0 10.3 8.0 9.7 8.8 9.3 8.7 8.4 7.2 9.2 
467 9.9 8.8 8.9 9.1 7.8 8.5 8.5 9.6 9.5 8.0 8.2 
468 9.5 9.7 10.3 9.0 8.4 7.1 9.6 8.4 8.8 9.1 10.0 
469 9.7 9.5 6.5 10.7 10.1 10.0 8.6 7.5 10.1 11.1 9.7 
470 9.3 9.0 7.9 9.2 8.4 7.8 9.1 8.4 10.6 8.9 9.7 
471 7.8 8.7 7.5 6.9 9.0 10.3 9.3 9.9 10.3 9.9 9.2 
472 9.1 9.3 7.8 8.9 8.6 9.5 8.4 9.4 10.0 7.7 8.6 
473 8.2 8.6 10.2 8.9 8.7 9.1 8.9 8.9 9.7 10.2 10.2 
474 9.8 9.0 9.6 9.4 9.6 10.5 9.0 11.0 7.9 8.8 10.0 
475 9.6 9.6 7.4 9.2 9.2 8.7 9.5 8.2 9.6 8.8 7.8 
476 9.5 7.0 7.9 8.2 9.7 7.4 8.4 8.7 9.8 6.8 8.8 
477 8.5 9.7 8.7 8.8 8.7 10.1 9.5 10.0 10.6 10.0 8.4 
478 9.4 11.0 8.2 9.9 11.0 9.1 10.5 6.9 8.6 10.3 9.5 
479 9.0 8.4 9.1 9.1 10.4 9.4 10.2 9.3 8.4 11.0 8.8 
480 8.1 8.8 9.5 10.0 8.8 9.3 9.0 9.5 9.0 9.3 9.2 
481 9.5 8.0 8.1 8.4 10.9 8.3 9.4 9.3 9.2 9.4 10.1 
482 10.0 9.2 9.7 11.0 7.2 9.4 8.1 9.0 10.2 8.7 9.7 
483 8.7 7.2 7.6 8.0 10.1 7.9 10.5 7.4 10.5 10.1 7.1 
484 8.7 8.2 8.9 8.3 8.4 10.5 10.4 9.5 7.7 8.1 9.3 
485 7.8 8.0 10.5 8.5 7.5 9.7 9.6 9.9 10.6 8.9 9.8 
486 7.9 7.9 9.8 6.5 10.3 10.4 8.9 8.4 7.5 9.3 8.1 
487 9.4 10.6 8.4 9.5 7.6 9.3 8.2 8.1 10.5 8.5 9.7 
488 10.6 9.1 7.5 10.0 7.9 10.9 9.7 9.2 9.8 8.2 8.9 
489 9.5 7.9 7.1 8.3 8.2 8.9 8.3 9.5 8.7 9.7 8.5 
490 9.1 10.3 9.6 9.5 10.6 8.7 8.6 7.6 7.9 8.8 10.5 
491 9.7 8.7 9.0 9.5 9.1 9.2 7.5 9.1 11.0 9.1 9.5 
492 9.2 10.5 10.8 10.6 9.1 7.6 9.5 9.1 11.1 7.7 10.3 
493 9.7 10.3 8.9 9.7 9.8 11.6 9.4 8.9 8.6 10.3 10.2 
494 10.2 9.8 10.4 9.5 9.9 10.0 10.2 9.5 9.4 10.4 11.3 
495 9.1 10.2 8.7 10.1 10.9 9.7 9.9 9.8 9.9 9.5 9.3 
496 11.0 9.2 10.9 10.6 8.2 11.3 8.3 9.7 9.6 10.5 10.5 
497 9.3 10.0 7.9 8.6 8.1 10.8 9.3 10.6 9.4 9.1 11.2 
498 9.0 11.4 8.9 9.6 8.8 10.5 9.9 8.3 10.3 9.7 11.9 
499 4.6 6.1 4.7 5.7 4.1 5.5 4.1 4.3 4.5 5.1 4.5 
